RDF,Out_Degree,In_Degree,Degree
Q1,3,5,8
Q2,17,17,34
Q3,1,5,6
Q4,15,21,36
Q5,24,6392,6416
Q15,25,121,146
Q16,147,674,821
Q17,114,387,501
Q18,31,54,85
Q20,99,58,157
Q21,43,170,213
Q22,40,57,97
Q23,48,18,66
Q25,35,25,60
Q26,25,19,44
Q27,96,170,266
Q28,86,43,129
Q29,105,201,306
Q30,258,10632,10890
Q31,110,93,203
Q32,86,30,116
Q33,163,33,196
Q34,110,96,206
Q35,92,60,152
Q36,111,70,181
Q37,70,17,87
Q38,153,409,562
Q39,101,145,246
Q40,98,122,220
Q41,95,75,170
Q42,32,4,36
Q43,88,49,137
Q45,82,34,116
Q46,20,363,383
Q48,29,189,218
Q49,45,167,212
Q51,23,11,34
Q55,113,146,259
Q59,8,0,8
Q60,45,1434,1479
Q61,35,261,296
Q62,25,200,225
Q64,58,108,166
Q65,43,1445,1488
Q66,23,1,24
Q68,9,7,16
Q70,29,6,35
Q71,21,27,48
Q72,25,15,40
Q76,60,7,67
Q77,47,16,63
Q78,22,12,34
Q79,69,46,115
Q81,5,1,6
Q84,47,734,781
Q85,23,9,32
Q86,9,9,18
Q87,28,4,32
Q88,18,14,32
Q89,14,3,17
Q90,50,227,277
Q91,42,12,54
Q94,20,4,24
Q95,16,5,21
Q96,95,160,255
Q97,14,16,30
Q98,11,12,23
Q99,84,382,466
Q100,30,108,138
Q108,14,0,14
Q110,11,0,11
Q111,9,3,12
Q114,41,21,62
Q115,53,10,63
Q116,7,18,25
Q117,42,11,53
Q119,13,1,14
Q120,14,1,15
Q121,17,1,18
Q122,17,1,18
Q123,12,1,13
Q124,14,1,15
Q125,13,1,14
Q126,16,2,18
Q140,0,5,5
Q142,171,624,795
Q143,16,6,22
Q144,13,6,19
Q145,129,2583,2712
Q146,12,5,17
Q148,157,346,503
Q150,61,547,608
Q155,108,80,188
Q159,106,121,227
Q161,0,28,28
Q163,10,8,18
Q165,7,10,17
Q172,27,150,177
Q173,37,25,62
Q175,0,17,17
Q176,31,18,49
Q178,3,1,4
Q180,8,0,8
Q183,152,580,732
Q184,54,22,76
Q188,25,412,437
Q189,69,22,91
Q191,71,17,88
Q198,14,49,63
Q206,24,3,27
Q207,50,10,60
Q211,61,19,80
Q212,90,59,149
Q213,74,79,153
Q214,66,14,80
Q215,61,22,83
Q216,20,2,22
Q217,48,15,63
Q218,80,39,119
Q219,79,26,105
Q220,41,105,146
Q221,55,12,67
Q222,63,23,86
Q223,27,9,36
Q224,65,28,93
Q225,54,19,73
Q227,59,22,81
Q228,39,16,55
Q229,61,175,236
Q230,65,14,79
Q231,13,7,20
Q232,60,16,76
Q233,58,27,85
Q235,41,28,69
Q236,51,15,66
Q237,37,18,55
Q238,33,8,41
Q239,21,16,37
Q240,1,5,6
Q241,46,30,76
Q242,45,7,52
Q244,49,10,59
Q248,24,3,27
Q252,76,41,117
Q254,57,4,61
Q255,46,5,51
Q256,11,21,32
Q258,75,83,158
Q261,59,7,66
Q262,63,14,77
Q265,50,17,67
Q269,21,2,23
Q270,33,17,50
Q276,8,1,9
Q279,19,1,20
Q283,25,10,35
Q287,0,13,13
Q288,12,3,15
Q289,11,92,103
Q294,0,5,5
Q298,56,28,84
Q302,42,20,62
Q303,33,7,40
Q307,47,0,47
Q309,8,13,21
Q311,3,11,14
Q312,31,12,43
Q313,12,0,12
Q316,9,15,24
Q317,0,6,6
Q318,5,2,7
Q333,13,12,25
Q334,68,25,93
Q336,9,25,34
Q340,22,71,93
Q345,19,6,25
Q347,51,17,68
Q349,4,18,22
Q350,20,36,56
Q352,37,14,51
Q361,28,95,123
Q362,37,330,367
Q365,37,12,49
Q380,21,3,24
Q384,18,2,20
Q388,16,3,19
Q392,82,20,102
Q393,25,2,27
Q395,18,19,37
Q396,38,18,56
Q397,10,97,107
Q398,46,10,56
Q399,68,20,88
Q403,61,36,97
Q405,16,7,23
Q406,27,21,48
Q408,157,358,515
Q409,24,9,33
Q410,37,5,42
Q413,8,17,25
Q414,76,57,133
Q418,4,4,8
Q419,48,21,69
Q420,20,13,33
Q423,43,16,59
Q424,53,16,69
Q430,6,6,12
Q431,14,4,18
Q432,24,93,117
Q437,23,2,25
Q455,0,6,6
Q456,26,9,35
Q458,122,77,199
Q459,19,4,23
Q462,9,7,16
Q463,12,12,24
Q472,21,7,28
Q482,12,64,76
Q489,16,7,23
Q490,37,30,67
Q491,2,19,21
Q495,24,16,40
Q501,32,2,34
Q513,14,10,24
Q515,12,350,362
Q517,54,8,62
Q523,13,2,15
Q535,45,7,52
Q538,17,40,57
Q542,6,22,28
Q544,6,1,7
Q546,22,1,23
Q556,21,0,21
Q557,49,5,54
Q571,18,4,22
Q574,40,5,45
Q578,0,5,5
Q583,0,5,5
Q584,27,2,29
Q585,24,7,31
Q586,35,10,45
Q588,18,0,18
Q592,3,0,3
Q597,14,10,24
Q607,30,5,35
Q612,13,6,19
Q613,4,3,7
Q615,46,2,48
Q617,25,5,30
Q621,10,4,14
Q623,46,0,46
Q627,30,0,30
Q628,23,1,24
Q629,31,0,31
Q631,10,8,18
Q633,82,7,89
Q634,13,0,13
Q636,31,5,36
Q638,28,135,163
Q641,27,21,48
Q648,22,4,26
Q649,35,71,106
Q652,22,261,283
Q655,7,4,11
Q656,40,44,84
Q657,45,10,55
Q658,16,0,16
Q659,2,15,17
Q660,18,0,18
Q664,81,112,193
Q667,5,6,11
Q668,212,507,719
Q672,30,5,35
Q674,12,0,12
Q676,6,24,30
Q677,17,0,17
Q678,33,4,37
Q679,4,6,10
Q683,37,5,42
Q684,0,7,7
Q685,37,3,40
Q686,35,5,40
Q690,11,6,17
Q691,44,8,52
Q692,38,23,61
Q694,17,8,25
Q695,34,5,39
Q697,24,3,27
Q699,6,10,16
Q701,18,5,23
Q702,29,7,36
Q704,6,1,7
Q705,12,4,16
Q706,16,0,16
Q707,5,6,11
Q710,30,5,35
Q711,49,11,60
Q712,36,8,44
Q714,45,14,59
Q717,46,29,75
Q718,10,8,18
Q719,7,5,12
Q724,36,32,68
Q726,11,6,17
Q727,41,25,66
Q729,17,1,18
Q730,37,9,46
Q731,14,0,14
Q733,48,13,61
Q734,37,14,51
Q735,19,16,35
Q736,52,13,65
Q739,57,23,80
Q748,17,67,84
Q749,16,5,21
Q750,47,15,62
Q752,14,3,17
Q753,22,1,23
Q754,47,15,62
Q756,1,5,6
Q757,40,8,48
Q758,16,0,16
Q759,38,21,59
Q760,48,8,56
Q763,42,7,49
Q766,49,35,84
Q769,41,11,52
Q770,17,4,21
Q771,41,58,99
Q772,9,3,12
Q773,9,5,14
Q774,43,11,54
Q775,15,7,22
Q776,11,5,16
Q778,46,26,72
Q779,32,61,93
Q780,11,1,12
Q781,42,8,50
Q782,19,33,52
Q783,42,8,50
Q784,41,9,50
Q785,19,7,26
Q786,47,8,55
Q790,39,14,53
Q792,39,9,48
Q794,53,49,102
Q796,44,30,74
Q797,32,9,41
Q800,37,11,48
Q801,55,73,128
Q803,15,7,22
Q804,47,14,61
Q805,40,6,46
Q807,17,2,19
Q808,8,0,8
Q809,7,46,53
Q810,43,14,57
Q811,42,7,49
Q812,54,110,164
Q813,47,12,59
Q816,45,103,148
Q817,44,11,55
Q819,38,14,52
Q822,46,25,71
Q824,41,35,76
Q826,34,3,37
Q828,19,22,41
Q829,42,47,89
Q833,58,41,99
Q834,18,6,24
Q836,57,17,74
Q837,63,31,94
Q842,48,11,59
Q843,71,52,123
Q844,7,8,15
Q846,37,12,49
Q847,12,33,45
Q851,57,25,82
Q854,46,21,67
Q855,57,8,65
Q858,54,18,72
Q859,43,23,66
Q863,43,11,54
Q865,43,32,75
Q868,51,22,73
Q869,57,52,109
Q870,3,0,3
Q872,5,8,13
Q873,66,42,108
Q874,35,11,46
Q876,10,0,10
Q878,49,24,73
Q881,52,32,84
Q882,39,9,48
Q884,64,59,123
Q886,52,13,65
Q887,19,1,20
Q889,57,33,90
Q892,68,10,78
Q897,13,3,16
Q900,24,3,27
Q901,7,22,29
Q902,59,23,82
Q905,30,12,42
Q908,16,1,17
Q909,48,4,52
Q912,42,14,56
Q913,30,5,35
Q916,52,4,56
Q917,41,14,55
Q921,49,10,59
Q924,42,11,53
Q928,65,53,118
Q929,40,9,49
Q935,56,4,60
Q937,93,7,100
Q943,11,8,19
Q945,40,9,49
Q948,67,14,81
Q953,52,9,61
Q954,52,12,64
Q956,31,81,112
Q958,30,8,38
Q962,46,9,55
Q963,37,9,46
Q965,45,6,51
Q967,39,4,43
Q970,44,5,49
Q971,39,8,47
Q972,11,2,13
Q974,43,15,58
Q975,20,19,39
Q977,38,9,47
Q980,42,17,59
Q983,42,10,52
Q985,15,22,37
Q986,36,8,44
Q987,12,19,31
Q991,46,13,59
Q994,17,3,20
Q1000,51,8,59
Q1001,45,4,49
Q1004,7,31,38
Q1005,36,6,42
Q1006,44,7,51
Q1007,41,4,45
Q1008,46,9,55
Q1009,51,15,66
Q1011,50,3,53
Q1013,42,8,50
Q1014,42,5,47
Q1016,50,11,61
Q1017,49,5,54
Q1019,42,8,50
Q1020,39,3,42
Q1022,29,8,37
Q1025,41,12,53
Q1026,25,5,30
Q1027,42,5,47
Q1028,45,44,89
Q1029,45,15,60
Q1030,35,10,45
Q1032,46,12,58
Q1033,51,13,64
Q1035,59,7,66
Q1036,39,12,51
Q1037,46,6,52
Q1039,2,4,6
Q1040,27,9,36
Q1041,51,14,65
Q1042,46,6,52
Q1044,40,11,51
Q1045,39,11,50
Q1048,31,8,39
Q1049,46,13,59
Q1050,42,7,49
Q1055,50,18,68
Q1061,29,13,42
Q1063,11,2,13
Q1065,70,230,300
Q1066,12,0,12
Q1067,51,6,57
Q1069,16,5,21
Q1070,18,0,18
Q1071,14,3,17
Q1075,11,20,31
Q1077,31,11,42
Q1079,104,1,105
Q1085,38,50,88
Q1088,10,12,22
Q1093,14,3,17
Q1101,11,5,16
Q1107,7,4,11
Q1114,0,5,5
Q1124,57,9,66
Q1127,0,5,5
Q1129,9,7,16
Q1137,12,4,16
Q1142,24,4,28
Q1152,0,8,8
Q1156,32,118,150
Q1159,17,12,29
Q1162,14,12,26
Q1164,49,32,81
Q1165,34,24,58
Q1166,49,48,97
Q1168,23,15,38
Q1169,16,2,18
Q1171,22,11,33
Q1173,19,2,21
Q1174,22,9,31
Q1177,20,16,36
Q1179,20,5,25
Q1180,13,8,21
Q1183,32,23,55
Q1184,29,23,52
Q1185,32,21,53
Q1186,21,9,30
Q1188,34,25,59
Q1189,0,2,2
Q1190,0,6,6
Q1191,40,32,72
Q1193,15,8,23
Q1194,17,11,28
Q1195,0,10,10
Q1196,12,6,18
Q1197,27,9,36
Q1198,18,15,33
Q1199,17,10,27
Q1200,28,8,36
Q1201,15,7,22
Q1202,18,7,25
Q1203,65,6,71
Q1204,39,41,80
Q1205,26,9,35
Q1206,13,8,21
Q1207,25,14,39
Q1208,22,5,27
Q1209,23,10,33
Q1210,26,10,36
Q1211,25,16,41
Q1212,34,15,49
Q1214,26,18,44
Q1216,29,9,38
Q1218,30,21,51
Q1221,28,13,41
Q1222,12,8,20
Q1223,41,47,88
Q1225,33,10,43
Q1227,39,20,59
Q1237,12,11,23
Q1239,16,7,23
Q1243,14,7,21
Q1246,19,8,27
Q1247,26,3,29
Q1250,11,6,17
Q1256,18,3,21
Q1261,34,47,81
Q1263,13,5,18
Q1270,6,0,6
Q1273,15,4,19
Q1276,69,4,73
Q1279,14,4,18
Q1280,15,1,16
Q1282,10,8,18
Q1284,13,4,17
Q1286,30,6,36
Q1289,15,2,17
Q1290,34,5,39
Q1295,26,3,29
Q1296,26,5,31
Q1297,24,318,342
Q1299,39,42,81
Q1308,18,2,20
Q1309,18,2,20
Q1310,14,4,18
Q1321,32,298,330
Q1325,37,1,38
Q1335,14,3,17
Q1339,43,3,46
Q1342,22,62,84
Q1344,13,44,57
Q1345,23,117,140
Q1348,16,20,36
Q1352,15,24,39
Q1353,37,34,71
Q1354,16,5,21
Q1355,18,8,26
Q1356,53,44,97
Q1361,13,9,22
Q1362,10,3,13
Q1363,0,13,13
Q1364,0,5,5
Q1370,67,70,137
Q1371,29,12,41
Q1380,15,13,28
Q1384,89,138,227
Q1387,21,7,28
Q1391,48,42,90
Q1393,24,14,38
Q1394,51,9,60
Q1397,55,48,103
Q1398,22,6,28
Q1400,74,94,168
Q1405,28,6,34
Q1406,18,9,27
Q1408,44,150,194
Q1410,26,11,37
Q1412,12,16,28
Q1415,32,16,48
Q1418,18,4,22
Q1420,18,12,30
Q1422,12,2,14
Q1426,22,4,26
Q1428,33,49,82
Q1435,23,5,28
Q1437,26,22,48
Q1438,15,3,18
Q1439,45,84,129
Q1443,6,5,11
Q1444,5,38,43
Q1445,24,14,38
Q1447,18,4,22
Q1449,22,7,29
Q1450,37,4,41
Q1452,9,5,14
Q1454,38,45,83
Q1455,4,9,13
Q1456,29,32,61
Q1457,6,0,6
Q1458,10,2,12
Q1460,15,13,28
Q1461,24,7,31
Q1462,15,3,18
Q1467,4,1,5
Q1472,12,3,15
Q1475,6,6,12
Q1479,15,5,20
Q1485,10,3,13
Q1486,23,25,48
Q1489,24,22,46
Q1490,42,82,124
Q1492,20,20,40
Q1494,25,14,39
Q1497,16,2,18
Q1498,35,18,53
Q1499,10,9,19
Q1502,0,7,7
Q1505,19,14,33
Q1508,6,2,8
Q1509,26,33,59
Q1511,47,3,50
Q1512,36,7,43
Q1513,13,2,15
Q1514,30,1,31
Q1515,9,3,12
Q1522,24,72,96
Q1524,34,18,52
Q1527,45,27,72
Q1530,21,3,24
Q1533,12,4,16
Q1537,33,38,71
Q1538,13,5,18
Q1541,31,5,36
Q1543,8,4,12
Q1545,38,5,43
Q1546,41,14,55
Q1553,31,14,45
Q1555,10,4,14
Q1558,30,27,57
Q1563,14,15,29
Q1568,23,161,184
Q1571,13,20,33
Q1581,31,30,61
Q1588,27,21,48
Q1599,0,10,10
Q1603,25,18,43
Q1612,26,14,40
Q1617,19,33,52
Q1649,24,25,49
Q1653,20,0,20
Q1663,13,2,15
Q1693,25,2,27
Q1697,9,3,12
Q1698,40,2,42
Q1707,27,7,34
Q1711,30,4,34
Q1715,30,12,42
Q1720,32,5,37
Q1721,24,2,26
Q1726,42,46,88
Q1729,32,4,36
Q1731,32,8,40
Q1733,38,5,43
Q1734,6,16,22
Q1735,25,4,29
Q1741,49,60,109
Q1744,84,28,112
Q1748,19,25,44
Q1754,22,30,52
Q1757,27,7,34
Q1761,24,57,81
Q1768,42,4,46
Q1770,25,2,27
Q1773,31,6,37
Q1779,32,2,34
Q1780,27,4,31
Q1781,22,34,56
Q1792,28,8,36
Q1794,44,21,65
Q1800,8,2,10
Q1841,6,152,158
Q1842,16,4,20
Q1845,23,1,24
Q1850,10,2,12
Q1854,14,7,21
Q1858,14,3,17
Q1860,101,8022,8123
Q1861,20,17,37
Q1865,12,5,17
Q1867,12,8,20
Q1874,29,4,33
Q1886,6,1,7
Q1889,8,5,13
Q1891,23,6,29
Q1893,5,2,7
Q1897,19,4,23
Q1899,39,12,51
Q1900,6,2,8
Q1903,17,3,20
Q1904,34,37,71
Q1926,25,0,25
Q1930,18,37,55
Q1948,30,10,40
Q1951,30,25,55
Q1952,22,12,34
Q1953,18,5,23
Q1965,21,10,31
Q1973,38,37,75
Q1974,45,0,45
Q1978,22,6,28
Q1979,24,0,24
Q1989,25,12,37
Q1995,2,5,7
Q2001,44,36,80
Q2003,20,5,25
Q2007,32,19,51
Q2009,13,6,19
Q2018,7,1,8
Q2020,6,6,12
Q2023,13,8,21
Q2028,20,4,24
Q2037,7,2,9
Q2042,31,4,35
Q2044,27,25,52
Q2052,5,2,7
Q2066,32,3,35
Q2071,47,35,82
Q2074,7,3,10
Q2079,32,14,46
Q2082,10,4,14
Q2085,112,5,117
Q2090,31,4,35
Q2095,9,71,80
Q2096,16,11,27
Q2100,18,2,20
Q2103,20,7,27
Q2107,16,2,18
Q2119,40,4,44
Q2123,10,5,15
Q2127,10,2,12
Q2132,13,9,22
Q2135,11,13,24
Q2138,8,3,11
Q2141,12,6,18
Q2145,15,8,23
Q2163,1,10,11
Q2167,10,3,13
Q2172,1,4,5
Q2183,1,8,9
Q2184,27,13,40
Q2201,37,1,38
Q2204,1,88,89
Q2212,2,90,92
Q2251,13,1,14
Q2252,29,2,31
Q2256,20,28,48
Q2263,70,53,123
Q2277,28,19,47
Q2280,30,6,36
Q2283,24,17,41
Q2293,87,1,88
Q2306,29,25,54
Q2329,15,9,24
Q2331,18,22,40
Q2407,3,10,13
Q2431,1,4,5
Q2449,8,1,9
Q2467,5,1,6
Q2487,9,10,19
Q2570,9,0,9
Q2593,16,14,30
Q2598,6,3,9
Q2599,77,4,81
Q2609,8,2,10
Q2632,54,1,55
Q2634,25,14,39
Q2641,5,0,5
Q2643,60,3,63
Q2649,1,4,5
Q2656,22,9,31
Q2673,22,3,25
Q2680,42,32,74
Q2683,21,4,25
Q2685,45,17,62
Q2693,5,2,7
Q2710,4,1,5
Q2714,5,5,10
Q2736,9,1044,1053
Q2739,7,3,10
Q2743,6,35,41
Q2744,148,3,151
Q2749,37,5,42
Q2751,12,3,15
Q2756,5,2,7
Q2763,7,11,18
Q2768,8,3,11
Q2773,28,5,33
Q2795,18,1,19
Q2798,5,1,6
Q2807,17,35,52
Q2808,71,14,85
Q2814,31,6,37
Q2831,101,30,131
Q2833,29,10,39
Q2840,21,3,24
Q2861,28,4,32
Q2865,20,3,23
Q2868,14,5,19
Q2875,58,2,60
Q2887,11,7,18
Q2895,32,9,41
Q2900,11,3,14
Q2966,44,9,53
Q2973,26,3,29
Q2978,27,4,31
Q3001,9,1,10
Q3008,36,0,36
Q3012,26,1,27
Q3033,0,8,8
Q3037,10,2,12
Q3071,7,56,63
Q3083,0,6,6
Q3093,18,1,19
Q3104,29,1,30
Q3105,0,6,6
Q3110,9,4,13
Q3114,7,12,19
Q3126,28,1,29
Q3130,19,61,80
Q3131,0,5,5
Q3133,10,10,20
Q3138,28,5,33
Q3139,22,6,28
Q3140,11,0,11
Q3141,23,39,62
Q3142,11,21,32
Q3150,25,6,31
Q3183,12,7,19
Q3185,16,0,16
Q3206,13,4,17
Q3207,9,2,11
Q3224,18,10,28
Q3235,11,7,18
Q3249,11,5,16
Q3258,6,5,11
Q3306,14,2,16
Q3335,31,6,37
Q3357,11,1,12
Q3384,16,10,26
Q3410,12,22,34
Q3437,15,2,17
Q3519,12,2,14
Q3532,7,3,10
Q3540,0,5,5
Q3551,11,2,13
Q3557,5,7,12
Q3561,18,5,23
Q3572,15,4,19
Q3579,12,2,14
Q3586,5,4,9
Q3589,54,0,54
Q3616,16,13,29
Q3624,12,6,18
Q3630,20,5,25
Q3640,19,2,21
Q3692,5,3,8
Q3711,26,18,44
Q3718,11,2,13
Q3724,7,5,12
Q3741,0,5,5
Q3748,14,1,15
Q3757,21,2,23
Q3761,11,6,17
Q3766,22,4,26
Q3772,54,43,97
Q3780,8,3,11
Q3805,11,1,12
Q3815,42,0,42
Q3820,18,11,29
Q3838,13,2,15
Q3856,10,10,20
Q3861,5,3,8
Q3863,7,0,7
Q3869,19,4,23
Q3870,6,6,12
Q3872,4,4,8
Q3884,2,6,8
Q3894,5,1,6
Q3914,11,29,40
Q3918,16,227,243
Q3921,4,2,6
Q3923,19,2,21
Q3925,28,7,35
Q3926,11,6,17
Q3930,5,6,11
Q3955,29,6,35
Q3957,6,107,113
Q3960,17,9,26
Q3966,10,7,17
Q4018,0,5,5
Q4022,12,10,22
Q4024,27,1,28
Q4028,40,10,50
Q4029,12,0,12
Q4030,41,6,47
Q4039,23,1,24
Q4040,0,5,5
Q4042,23,0,23
Q4070,20,1,21
Q4093,25,44,69
Q4100,32,3,35
Q4109,22,11,33
Q4119,24,0,24
Q4131,10,2,12
Q4184,4,7,11
Q4191,17,1,18
Q4212,18,15,33
Q4223,13,5,18
Q4227,23,8,31
Q4230,20,12,32
Q4235,49,9,58
Q4264,13,12,25
Q4270,21,0,21
Q4293,10,5,15
Q4361,10,1,11
Q4412,7,19,26
Q4430,61,0,61
Q4440,21,9,30
Q4444,32,0,32
Q4465,40,40,80
Q4478,14,6,20
Q4488,21,9,30
Q4491,16,11,27
Q4500,19,6,25
Q4507,16,1,17
Q4509,14,5,19
Q4512,6,2,8
Q4529,70,1,71
Q4538,26,9,35
Q4543,5,2,7
Q4547,22,14,36
Q4558,13,0,13
Q4573,55,25,80
Q4612,39,4,43
Q4614,26,134,160
Q4616,34,4,38
Q4617,23,3,26
Q4628,18,3,21
Q4636,66,20,86
Q4653,26,2,28
Q4700,29,2,31
Q4914,23,3,26
Q4915,11,1,12
Q4916,34,37,71
Q4917,4,27,31
Q4918,32,8,40
Q4948,14,13,27
Q4960,31,11,42
Q4970,18,2,20
Q4985,30,5,35
Q5043,16,153,169
Q5083,16,59,75
Q5092,28,73,101
Q5105,56,4,60
Q5107,8,9,17
Q5112,18,8,26
Q5113,12,0,12
Q5119,3,21,24
Q5137,9,8,17
Q5146,15,56,71
Q5240,5,7,12
Q5268,4,12,16
Q5284,43,7,50
Q5287,10,170,180
Q5292,0,36,36
Q5294,4,11,15
Q5369,8,105,113
Q5372,6,162,168
Q5375,9,14,23
Q5377,11,8,19
Q5378,4,6,10
Q5383,87,21,108
Q5385,2,100,102
Q5386,4,17,21
Q5390,2,194,196
Q5401,9,14,23
Q5419,18,1,19
Q5445,12,3,15
Q5451,20,2,22
Q5456,18,0,18
Q5463,20,3,23
Q5465,14,10,24
Q5468,13,0,13
Q5475,10,1,11
Q5492,13,4,17
Q5582,23,1,24
Q5589,22,0,22
Q5592,32,1,33
Q5593,46,4,50
Q5597,23,1,24
Q5603,38,6,44
Q5604,19,1,20
Q5608,35,14,49
Q5638,5,0,5
Q5673,42,0,42
Q5679,47,2,49
Q5682,33,4,37
Q5685,37,4,41
Q5686,47,16,63
Q5690,17,1,18
Q5705,27,5,32
Q5762,1,142,143
Q5785,18,3,21
Q5794,6,3,9
Q5806,17,4,21
Q5809,0,5,5
Q5812,26,3,29
Q5816,33,4,37
Q5836,11,0,11
Q5838,17,1,18
Q5879,75,10,85
Q5885,20,50,70
Q5891,13,76,89
Q5902,9,0,9
Q5912,35,0,35
Q5917,8,5,13
Q5921,30,9,39
Q5925,11,20,31
Q5928,33,17,50
Q5930,21,8,29
Q5933,12,14,26
Q5950,36,12,48
Q5994,8,323,331
Q6010,6,23,29
Q6060,29,4,33
Q6078,35,4,39
Q6096,39,6,45
Q6106,22,26,48
Q6107,31,2,33
Q6186,13,4,17
Q6199,12,0,12
Q6221,21,3,24
Q6225,14,5,19
Q6226,12,3,15
Q6229,0,5,5
Q6231,14,1,15
Q6235,3,0,3
Q6247,23,0,23
Q6250,1,5,6
Q6252,18,2,20
Q6256,6,221,227
Q6259,23,0,23
Q6266,5,22,27
Q6271,7,2,9
Q6279,34,1,35
Q6294,53,7,60
Q6343,19,0,19
Q6346,19,23,42
Q6397,22,2,24
Q6441,12,4,16
Q6463,6,0,6
Q6465,7,16,23
Q6506,19,1,20
Q6512,36,9,45
Q6513,1,25,26
Q6527,39,6,45
Q6534,9,5,14
Q6536,5,8,13
Q6537,10,1,11
Q6540,0,5,5
Q6574,2,258,260
Q6580,6,0,6
Q6602,26,10,36
Q6607,10,425,435
Q6630,4,0,4
Q6636,4,8,12
Q6641,7,0,7
Q6649,6,1,7
Q6651,5,2,7
Q6654,18,22,40
Q6655,1,374,375
Q6661,2,0,2
Q6664,4,1,5
Q6683,8,8,16
Q6690,5,0,5
Q6691,21,8,29
Q6694,72,5,77
Q6703,4,2,6
Q6711,35,1,36
Q6721,3,1,4
Q6722,60,1,61
Q6723,1,334,335
Q6760,1,87,88
Q6761,11,2,13
Q6767,4,1,5
Q6773,1,7,8
Q6779,1,14,15
Q6806,2,18,20
Q6828,2,51,53
Q6882,31,10,41
Q6906,1,9,10
Q6927,2,17,19
Q6939,1,6,7
Q6940,12,11,23
Q6955,2,8,10
Q6985,1,65,66
Q6986,17,0,17
Q6999,5,1,6
Q7003,14,1,15
Q7015,2,10,12
Q7026,12,26,38
Q7041,2,52,54
Q7048,5,6,11
Q7056,11,28,39
Q7066,14,194,208
Q7069,1,17,18
Q7085,63,4,67
Q7094,8,3,11
Q7105,1,19,20
Q7108,7,0,7
Q7118,1,9,10
Q7150,8,1,9
Q7156,24,7,31
Q7159,12,54,66
Q7163,10,38,48
Q7164,14,4,18
Q7167,0,5,5
Q7172,16,34,50
Q7174,11,7,18
Q7184,15,63,78
Q7188,0,5,5
Q7191,14,12,26
Q7199,23,9,32
Q7200,52,4,56
Q7204,31,30,61
Q7207,26,16,42
Q7233,5,2,7
Q7240,12,2,14
Q7241,41,2,43
Q7243,63,6,69
Q7245,39,3,42
Q7251,25,1,26
Q7269,4,39,43
Q7270,6,118,124
Q7272,12,3,15
Q7275,6,33,39
Q7278,11,46,57
Q7283,2,54,56
Q7291,6,7,13
Q7294,47,0,47
Q7302,52,0,52
Q7310,5,1,6
Q7312,32,0,32
Q7314,50,1,51
Q7315,45,5,50
Q7317,40,1,41
Q7318,44,93,137
Q7320,7,6,13
Q7322,27,12,39
Q7325,26,74,100
Q7346,40,1,41
Q7349,35,2,37
Q7351,35,0,35
Q7358,9,3,12
Q7366,9,6,15
Q7371,46,6,52
Q7374,54,51,105
Q7390,0,5,5
Q7397,74,4,78
Q7411,18,69,87
Q7414,25,72,97
Q7416,41,2,43
Q7432,5,478,483
Q7516,14,5,19
Q7542,72,13,85
Q7546,36,11,47
Q7553,0,6,6
Q7590,0,5,5
Q7604,60,1,61
Q7707,8,6,14
Q7718,3,0,3
Q7724,43,3,46
Q7735,5,4,9
Q7737,27,195,222
Q7748,12,12,24
Q7749,3,44,47
Q7754,4,5,9
Q7768,22,23,45
Q7779,14,26,40
Q7785,6,64,70
Q7795,8,30,38
Q7802,13,1,14
Q7804,9,8,17
Q7809,16,203,219
Q7817,25,193,218
Q7825,8,160,168
Q7835,17,3,20
Q7838,11,15,26
Q7842,14,1,15
Q7850,7,68,75
Q7860,7,0,7
Q7867,6,18,24
Q7873,13,0,13
Q7880,14,3,17
Q7889,26,3,29
Q7903,9,6,15
Q7913,13,28,41
Q7918,18,17,35
Q7922,0,5,5
Q7934,24,2,26
Q7942,2,0,2
Q7976,7,138,145
Q7979,3,25,28
Q7991,5,16,21
Q8006,50,12,62
Q8007,34,7,41
Q8008,8,6,14
Q8011,45,3,48
Q8016,71,10,81
Q8018,41,7,48
Q8023,44,4,48
Q8027,39,6,45
Q8054,7,1,8
Q8060,13,2,15
Q8065,1,1,2
Q8066,3,8,11
Q8072,10,2,12
Q8078,15,8,23
Q8080,4,2,6
Q8088,5,2,7
Q8093,17,5,22
Q8097,13,39,52
Q8098,5,1,6
Q8108,14,6,20
Q8111,6,2,8
Q8118,5,1,6
Q8128,20,1,21
Q8132,4,2,6
Q8134,16,15,31
Q8138,5,2,7
Q8142,7,13,20
Q8143,6,2,8
Q8146,6,4,10
Q8148,0,7,7
Q8150,7,1,8
Q8162,11,8,19
Q8165,8,9,17
Q8242,19,50,69
Q8253,6,14,20
Q8261,10,40,50
Q8277,9,2,11
Q8298,29,0,29
Q8311,3,1,4
Q8312,20,8,28
Q8313,2,2,4
Q8317,4,1,5
Q8333,9,6,15
Q8338,7,29,36
Q8341,5,182,187
Q8343,10,17,27
Q8345,5,2,7
Q8347,10,4,14
Q8350,8,11,19
Q8355,11,38,49
Q8361,3,2,5
Q8371,8,20,28
Q8372,8,1,9
Q8377,8,9,17
Q8388,8,0,8
Q8403,5,2,7
Q8407,5,1,6
Q8408,4,1,5
Q8409,33,5,38
Q8411,6,2,8
Q8415,6,1,7
Q8416,4,1,5
Q8418,7,10,17
Q8420,5,3,8
Q8425,3,3,6
Q8428,5,0,5
Q8429,5,2,7
Q8434,18,17,35
Q8436,11,12,23
Q8438,8,4,12
Q8444,9,3,12
Q8445,16,12,28
Q8446,29,1,30
Q8450,6,2,8
Q8454,15,21,36
Q8456,9,3,12
Q8458,4,2,6
Q8461,4,9,13
Q8463,15,10,25
Q8465,2,9,11
Q8466,5,0,5
Q8470,5,2,7
Q8473,0,7,7
Q8475,10,204,214
Q8476,5,2,7
Q8479,0,5,5
Q8488,5,6,11
Q8495,14,2,16
Q8502,8,4,12
Q8513,0,5,5
Q8531,6,5,11
Q8539,63,2,65
Q8544,5,15,20
Q8555,2,9,11
Q8558,6,16,22
Q8567,5,24,29
Q8577,6,25,31
Q8586,11,1,12
Q8603,4,0,4
Q8613,2,4,6
Q8615,5,0,5
Q8619,28,1,29
Q8623,4,2,6
Q8633,4,0,4
Q8639,4,1,5
Q8641,40,22,62
Q8643,5,1,6
Q8646,48,110,158
Q8651,14,0,14
Q8652,8,84,92
Q8660,17,6,23
Q8663,3,53,56
Q8671,5,0,5
Q8673,11,6,17
Q8676,5,19,24
Q8678,13,20,33
Q8680,28,22,50
Q8681,6,0,6
Q8682,6,7,13
Q8683,14,26,40
Q8684,26,19,45
Q8685,7,3,10
Q8686,31,70,101
Q8687,5,0,5
Q8691,7,3,10
Q8692,13,3,16
Q8704,63,17,80
Q8717,14,5,19
Q8723,8,0,8
Q8728,8,1,9
Q8729,0,5,5
Q8731,8,3,11
Q8733,24,12,36
Q8740,5,48,53
Q8743,60,6,66
Q8748,6,9,15
Q8749,5,1,6
Q8752,8,8,16
Q8753,49,1,50
Q8780,5,2,7
Q8785,23,23,46
Q8787,4,0,4
Q8798,24,29,53
Q8806,5,0,5
Q8812,4,0,4
Q8818,18,2,20
Q8822,17,0,17
Q8823,6,1,7
Q8835,4,1,5
Q8873,62,4,66
Q8877,77,78,155
Q8908,13,96,109
Q8927,28,15,43
Q8932,4,36,40
Q9022,15,6,21
Q9027,11,52,63
Q9035,13,33,46
Q9036,50,2,52
Q9043,11,13,24
Q9047,64,7,71
Q9049,57,1,58
Q9051,10,7,17
Q9056,9,36,45
Q9058,12,18,30
Q9061,46,11,57
Q9063,18,19,37
Q9067,21,51,72
Q9068,54,3,57
Q9072,0,5,5
Q9078,8,6,14
Q9081,3,3,6
Q9083,9,10,19
Q9085,0,5,5
Q9089,15,90,105
Q9091,16,11,27
Q9123,54,2,56
Q9128,7,9,16
Q9129,31,50,81
Q9134,16,3,19
Q9135,3,8,11
Q9142,15,27,42
Q9143,0,7,7
Q9168,21,32,53
Q9170,10,7,17
Q9174,17,24,41
Q9176,13,26,39
Q9186,11,41,52
Q9188,7,2,9
Q9191,48,10,58
Q9192,38,40,78
Q9195,0,5,5
Q9199,8,19,27
Q9200,34,7,41
Q9204,55,3,58
Q9205,6,7,13
Q9211,0,5,5
Q9212,28,2,30
Q9215,32,7,39
Q9217,11,9,20
Q9219,10,9,19
Q9232,11,2,13
Q9235,47,10,57
Q9237,11,14,25
Q9240,16,8,24
Q9246,9,7,16
Q9248,16,8,24
Q9252,18,9,27
Q9255,0,7,7
Q9259,3,13,16
Q9264,12,9,21
Q9267,9,6,15
Q9268,13,188,201
Q9288,11,51,62
Q9292,0,6,6
Q9296,10,9,19
Q9299,10,23,33
Q9301,12,11,23
Q9303,5,9,14
Q9307,5,6,11
Q9309,7,15,22
Q9312,51,15,66
Q9314,14,9,23
Q9316,7,5,12
Q9317,29,1,30
Q9325,9,0,9
Q9353,40,6,46
Q9358,61,9,70
Q9364,46,6,52
Q9381,39,1,40
Q9387,43,1,44
Q9391,31,2,33
Q9402,3,7,10
Q9408,4,2,6
Q9410,2,0,2
Q9418,10,25,35
Q9426,3,5,8
Q9430,0,5,5
Q9438,37,6,43
Q9439,56,18,74
Q9441,21,3,24
Q9446,0,1,1
Q9458,26,2,28
Q9465,14,15,29
Q9471,6,20,26
Q9500,1,4,5
Q9503,2,1,3
Q9531,22,45,67
Q9535,26,11,37
Q9543,17,1,18
Q9545,36,5,41
Q9554,47,8,55
Q9557,18,8,26
Q9570,25,7,32
Q9582,47,8,55
Q9585,10,3,13
Q9588,31,9,40
Q9589,9,42,51
Q9592,12,115,127
Q9598,10,7,17
Q9610,15,31,46
Q9615,4,1,5
Q9616,6,7,13
Q9617,7,2,9
Q9623,5,1,6
Q9624,5,1,6
Q9626,5,7,12
Q9630,9,18,27
Q9634,5,1,6
Q9636,5,2,7
Q9640,33,7,40
Q9642,7,1,8
Q9646,5,4,9
Q9648,19,3,22
Q9651,6,2,8
Q9652,5,1,6
Q9653,4,7,11
Q9657,5,2,7
Q9658,6,2,8
Q9660,5,1,6
Q9663,5,1,6
Q9664,5,3,8
Q9668,8,2,10
Q9672,6,4,10
Q9674,6,3,9
Q9676,16,6,22
Q9679,17,1,18
Q9682,63,17,80
Q9684,14,1,15
Q9687,0,11,11
Q9690,4,14,18
Q9696,50,17,67
Q9711,35,7,42
Q9726,30,0,30
Q9730,5,83,88
Q9734,8,23,31
Q9759,5,93,98
Q9778,3,41,44
Q9794,3,26,29
Q9798,11,45,56
Q9826,1,43,44
Q9832,12,6,18
Q9842,8,6,14
Q9885,14,1,15
Q9899,0,5,5
Q9916,60,11,71
Q9920,18,4,22
Q9934,7,4,11
Q9960,59,6,65
Q10086,5,0,5
Q10090,2,2,4
Q10132,26,6,32
Q10179,7,9,16
Q10225,5,10,15
Q10230,8,10,18
Q10286,4,0,4
Q10294,8,1,9
Q10300,7,0,7
Q10305,10,1,11
Q10308,4,0,4
Q10315,4,0,4
Q10329,7,0,7
Q10333,6,1,7
Q10379,5,9,14
Q10389,5,2,7
Q10390,45,1,46
Q10467,5,2,7
Q10512,4,0,4
Q10520,43,1,44
Q10566,5,5,10
Q10585,18,0,18
Q10633,29,6,35
Q10648,29,1,30
Q10658,4,1,5
Q10686,19,20,39
Q10690,9,9,18
Q10708,81,29,110
Q10717,13,3,16
Q10737,11,14,25
Q10738,32,8,40
Q10806,7,15,22
Q10859,5,10,15
Q10884,11,2,13
Q10922,3,18,21
Q10926,4,6,10
Q10943,9,0,9
Q10962,3,2,5
Q10980,3,2,5
Q10990,9,5,14
Q10993,0,4,4
Q10998,22,7,29
Q11002,10,2,12
Q11004,0,57,57
Q11005,8,0,8
Q11006,17,21,38
Q11007,5,2,7
Q11010,0,5,5
Q11016,7,11,18
Q11023,7,19,26
Q11024,3,16,19
Q11028,2,3,5
Q11030,6,35,41
Q11032,13,1,14
Q11033,12,20,32
Q11036,42,33,75
Q11042,8,18,26
Q11051,18,7,25
Q11059,12,7,19
Q11063,6,13,19
Q11072,10,12,22
Q11081,4,29,33
Q11085,11,13,24
Q11173,1,6,7
Q11177,2,8,10
Q11180,4,8,12
Q11184,2,12,14
Q11190,11,13,24
Q11191,10,5,15
Q11194,19,5,24
Q11198,10,1,11
Q11208,10,9,19
Q11209,8,6,14
Q11211,0,5,5
Q11218,31,3,34
Q11220,27,3,30
Q11223,23,2,25
Q11224,10,0,10
Q11230,10,1,11
Q11248,8,4,12
Q11256,30,1,31
Q11268,10,12,22
Q11280,1,4,5
Q11299,16,205,221
Q11344,13,14,27
Q11358,7,2,9
Q11363,4,0,4
Q11365,3,12,15
Q11366,7,158,165
Q11367,2,0,2
Q11368,6,7,13
Q11399,5,354,359
Q11401,4,132,136
Q11403,2,1,3
Q11404,10,16,26
Q11405,11,18,29
Q11416,7,13,20
Q11417,4,9,13
Q11419,3,28,31
Q11420,5,11,16
Q11424,70,1842,1912
Q11425,5,23,28
Q11451,10,3,13
Q11456,3,0,3
Q11459,39,4,43
Q11460,16,0,16
Q11461,10,3,13
Q11463,20,1,21
Q11568,8,1,9
Q11572,20,2,22
Q11575,33,7,40
Q11577,15,7,22
Q11578,23,3,26
Q11593,47,1,48
Q11598,63,2,65
Q11613,29,4,33
Q11617,55,5,60
Q11621,82,0,82
Q11629,12,9,21
Q11631,4,3,7
Q11633,8,5,13
Q11634,11,4,15
Q11635,10,54,64
Q11637,50,6,56
Q11639,14,6,20
Q11647,37,5,42
Q11649,31,15,46
Q11650,6,7,13
Q11660,8,10,18
Q11661,4,13,17
Q11666,0,2,2
Q11696,13,45,58
Q11699,7,13,20
Q11701,10,1,11
Q11703,15,6,21
Q11707,3,2,5
Q11708,24,14,38
Q11725,21,3,24
Q11736,20,37,57
Q11739,18,8,26
Q11746,12,2,14
Q11751,0,5,5
Q11772,11,12,23
Q11806,49,5,54
Q11812,59,14,73
Q11813,42,6,48
Q11815,37,4,41
Q11816,58,2,60
Q11817,35,7,42
Q11869,31,1,32
Q11885,21,1,22
Q11891,30,3,33
Q11895,35,21,56
Q11896,26,0,26
Q11901,41,5,46
Q11911,20,4,24
Q11917,12,8,20
Q11925,16,12,28
Q11929,10,7,17
Q11930,42,25,67
Q11934,11,4,15
Q11938,5,3,8
Q11942,14,3,17
Q11943,15,4,19
Q11961,3,0,3
Q11972,28,3,31
Q11975,44,16,60
Q11979,3,0,3
Q11995,8,13,21
Q11998,43,3,46
Q12003,48,11,59
Q12006,26,2,28
Q12078,8,80,88
Q12090,13,4,17
Q12100,11,6,17
Q12117,0,6,6
Q12130,8,3,11
Q12135,0,7,7
Q12136,12,130,142
Q12138,3,15,18
Q12140,8,40,48
Q12143,1,14,15
Q12146,12,7,19
Q12152,16,230,246
Q12156,16,3,19
Q12172,12,6,18
Q12174,10,3,13
Q12187,6,3,9
Q12191,14,3,17
Q12192,25,112,137
Q12195,15,0,15
Q12199,13,3,16
Q12202,12,81,93
Q12204,18,16,34
Q12206,10,25,35
Q12214,16,0,16
Q12217,5,1,6
Q12230,3,0,3
Q12236,3,3,6
Q12249,3,0,3
Q12271,17,13,30
Q12297,5,1,6
Q12308,3,0,3
Q12325,39,0,39
Q12382,16,2,18
Q12404,0,6,6
Q12431,12,0,12
Q12439,22,93,115
Q12483,14,1,15
Q12526,11,3,14
Q12536,21,7,28
Q12543,0,5,5
Q12544,32,15,47
Q12546,13,3,16
Q12548,44,58,102
Q12557,11,0,11
Q12560,42,34,76
Q12583,6,8,14
Q12585,3,28,31
Q12589,12,2,14
Q12594,0,5,5
Q12652,0,7,7
Q12661,18,4,22
Q12684,9,7,16
Q12717,13,4,17
Q12722,15,1,16
Q12724,16,8,24
Q12738,0,6,6
Q12745,0,6,6
Q12746,0,5,5
Q12751,12,4,16
Q12753,7,2,9
Q12755,9,9,18
Q12770,10,3,13
Q12771,22,8,30
Q12792,10,2,12
Q12796,5,1,6
Q12820,8,2,10
Q12837,10,5,15
Q12892,21,4,25
Q12994,21,9,30
Q13116,17,9,26
Q13133,32,5,37
Q13136,0,10,10
Q13160,10,1,11
Q13164,14,0,14
Q13184,0,13,13
Q13187,23,17,40
Q13188,14,20,34
Q13189,22,7,29
Q13211,0,6,6
Q13218,10,11,21
Q13220,11,6,17
Q13233,2,2,4
Q13260,9,7,16
Q13263,0,5,5
Q13267,5,3,8
Q13275,8,7,15
Q13284,13,7,20
Q13298,29,4,33
Q13310,8,5,13
Q13321,7,6,13
Q13339,7,5,12
Q13353,20,5,25
Q13362,21,2,23
Q13364,21,4,25
Q13371,36,134,170
Q13373,15,1,16
Q13375,22,4,26
Q13391,5,0,5
Q13580,9,5,14
Q13666,15,0,15
Q13786,4,1,5
Q13870,1,0,1
Q13871,4,0,4
Q13888,0,5,5
Q13894,32,3,35
Q13909,64,21,85
Q13917,18,11,29
Q13924,22,2,24
Q13938,11,0,11
Q13947,11,9,20
Q13950,16,7,23
Q13955,50,116,166
Q13972,25,1,26
Q13973,10,0,10
Q13974,14,50,64
Q13979,48,2,50
Q13987,7,1,8
Q13989,5,1,6
Q14045,31,2,33
Q14060,18,5,23
Q14083,0,6,6
Q14103,12,5,17
Q14112,16,3,19
Q14116,46,3,49
Q14132,6,0,6
Q14185,20,15,35
Q14196,11,15,26
Q14211,6,7,13
Q14212,5,3,8
Q14213,4,12,16
Q14313,40,3,43
Q14320,38,0,38
Q14420,8,23,31
Q14428,8,2,10
Q14441,46,7,53
Q14535,14,6,20
Q14536,15,5,20
Q14537,33,12,45
Q14539,17,4,21
Q14540,31,13,44
Q14542,15,7,22
Q14549,11,11,22
Q14620,0,6,6
Q14646,11,1,12
Q14647,10,4,14
Q14656,0,5,5
Q14712,0,16,16
Q14714,0,11,11
Q14773,39,8,47
Q14821,18,0,18
Q14960,22,2,24
Q15028,0,5,5
Q15079,38,5,43
Q15087,9,6,15
Q15089,5,10,15
Q15091,10,2,12
Q15104,11,11,22
Q15119,11,2,13
Q15121,9,2,11
Q15123,7,2,9
Q15124,15,2,17
Q15136,5,2,7
Q15142,22,13,35
Q15175,21,148,169
Q15176,21,12,33
Q15180,68,135,203
Q15228,10,3,13
Q15257,18,0,18
Q15284,8,17,25
Q15326,13,23,36
Q15416,16,28,44
Q15499,0,14,14
Q15523,7,10,17
Q15568,14,3,17
Q15574,15,1,16
Q15615,25,1,26
Q15674,10,3,13
Q15701,10,4,14
Q15755,4,1,5
Q15777,6,14,20
Q15786,7,2,9
Q15789,12,3,15
Q15804,7,1,8
Q15862,33,9,42
Q15864,14,9,23
Q15869,47,3,50
Q15873,44,1,45
Q15878,10,2,12
Q15880,28,1,29
Q15897,40,0,40
Q15920,16,12,28
Q15935,51,6,57
Q16068,6,7,13
Q16110,3,18,21
Q16137,0,5,5
Q16144,11,2,13
Q16149,7,1,8
Q16161,10,2,12
Q16186,0,5,5
Q16227,9,2,11
Q16249,7,2,9
Q16271,7,1,8
Q16282,10,5,15
Q16287,12,2,14
Q16289,12,6,18
Q16290,33,6,39
Q16296,28,15,43
Q16297,52,12,64
Q16344,6,0,6
Q16345,40,10,50
Q16349,15,5,20
Q16390,27,7,34
Q16393,0,7,7
Q16394,18,7,25
Q16397,31,1,32
Q16402,13,19,32
Q16455,12,10,22
Q16471,3,5,8
Q16472,27,8,35
Q16473,46,32,78
Q16501,3,0,3
Q16502,5,1,6
Q16520,12,3,15
Q16521,2,496,498
Q16533,10,8,18
Q16538,25,2,27
Q16551,24,15,39
Q16552,19,80,99
Q16553,17,19,36
Q16554,14,23,37
Q16555,15,61,76
Q16556,11,16,27
Q16557,16,51,67
Q16558,15,21,36
Q16559,15,38,53
Q16562,11,9,20
Q16563,17,31,48
Q16565,11,7,18
Q16567,21,11,32
Q16568,14,10,24
Q16572,17,7,24
Q16574,34,1,35
Q16635,21,3,24
Q16641,16,2,18
Q16666,29,6,35
Q16739,8,93,101
Q16756,93,1,94
Q16758,17,6,23
Q16759,22,2,24
Q16766,20,7,27
Q16861,6,2,8
Q16867,35,15,50
Q16868,10,0,10
Q16869,19,7,26
Q16952,7,0,7
Q16954,12,6,18
Q16955,12,1,13
Q16957,29,29,58
Q16961,10,4,14
Q16963,14,11,25
Q16967,16,6,22
Q16970,5,0,5
Q16980,0,5,5
Q16987,10,5,15
Q16994,0,7,7
Q17005,12,6,18
Q17009,10,4,14
Q17042,15,27,42
Q17140,0,6,6
Q17144,6,90,96
Q17151,19,3,22
Q17167,12,6,18
Q17221,2,12,14
Q17252,12,0,12
Q17269,14,125,139
Q17427,5,5,10
Q17479,15,0,15
Q17495,7,190,197
Q17497,5,1,6
Q17517,3,2,5
Q17581,7,0,7
Q17714,68,1,69
Q17717,0,3,3
Q17738,78,4,82
Q17856,15,1,16
Q17884,5,2,7
Q17888,1,5,6
Q17943,6,2,8
Q18013,17,20,37
Q18094,18,30,48
Q18097,16,6,22
Q18125,20,26,46
Q18127,9,183,192
Q18189,0,6,6
Q18221,18,5,23
Q18225,2,1,3
Q18232,6,0,6
Q18293,3,1,4
Q18362,0,5,5
Q18383,11,24,35
Q18389,8,9,17
Q18407,28,1,29
Q18419,13,234,247
Q18424,8,57,65
Q18426,7,70,77
Q18432,13,14,27
Q18438,13,26,39
Q18474,3,1,4
Q18486,3,2,5
Q18505,3,1,4
Q18507,4,1,5
Q18509,4,3,7
Q18511,3,1,4
Q18512,4,2,6
Q18513,4,0,4
Q18515,3,0,3
Q18516,4,3,7
Q18518,3,2,5
Q18519,4,4,8
Q18520,4,3,7
Q18521,4,1,5
Q18522,4,1,5
Q18523,5,0,5
Q18526,4,5,9
Q18527,3,2,5
Q18528,4,1,5
Q18529,4,4,8
Q18543,6,17,23
Q18575,13,12,25
Q18577,1,4,5
Q18594,9,1,10
Q18628,10,13,23
Q18640,15,0,15
Q18655,9,3,12
Q18656,11,8,19
Q18659,4,5,9
Q18660,3,1,4
Q18661,4,4,8
Q18662,4,6,10
Q18708,6,5,11
Q18711,4,4,8
Q18716,5,4,9
Q18721,4,6,10
Q18723,4,3,7
Q18729,5,3,8
Q18732,4,3,7
Q18735,13,1,14
Q18736,4,6,10
Q18739,4,3,7
Q18741,7,5,12
Q18744,4,7,11
Q18747,4,6,10
Q18750,4,3,7
Q18805,6,10,16
Q18808,11,2,13
Q18933,9,8,17
Q18938,17,6,23
Q18954,28,0,28
Q18992,12,12,24
Q19020,6,163,169
Q19031,13,6,19
Q19066,4,0,4
Q19089,52,0,52
Q19155,36,14,50
Q19185,47,5,52
Q19186,13,8,21
Q19190,13,6,19
Q19206,0,7,7
Q19339,2,11,13
Q19353,4,0,4
Q19355,44,1,45
Q19356,38,0,38
Q19409,8,15,23
Q19442,4,7,11
Q19444,5,5,10
Q19446,5,5,10
Q19449,4,5,9
Q19451,3,3,6
Q19453,5,4,9
Q19456,4,7,11
Q19458,6,5,11
Q19462,4,4,8
Q19467,5,3,8
Q19470,4,3,7
Q19473,5,2,7
Q19477,4,8,12
Q19481,6,4,10
Q19482,4,5,9
Q19487,4,8,12
Q19490,3,2,5
Q19495,4,1,5
Q19498,4,5,9
Q19500,6,6,12
Q19504,28,4,32
Q19509,4,2,6
Q19510,4,0,4
Q19513,5,0,5
Q19516,5,1,6
Q19518,5,0,5
Q19523,4,0,4
Q19526,57,2,59
Q19546,21,4,25
Q19568,6,3,9
Q19570,230,1,231
Q19571,4,2,6
Q19573,4,2,6
Q19575,4,0,4
Q19578,5,1,6
Q19580,4,5,9
Q19584,4,2,6
Q19585,3,0,3
Q19587,5,4,9
Q19589,4,3,7
Q19592,4,2,6
Q19593,6,6,12
Q19595,4,0,4
Q19597,5,4,9
Q19598,4,5,9
Q19600,0,6,6
Q19601,4,8,12
Q19603,3,1,4
Q19604,4,4,8
Q19607,6,4,10
Q19612,5,5,10
Q19615,4,3,7
Q19626,4,2,6
Q19634,4,4,8
Q19637,4,1,5
Q19644,4,5,9
Q19651,3,4,7
Q19652,2,49,51
Q19660,18,12,30
Q19673,47,3,50
Q19675,14,1,15
Q19686,18,1,19
Q19689,7,3,10
Q19770,28,10,38
Q19771,3,41,44
Q19784,0,5,5
Q19794,19,7,26
Q19798,7,1,8
Q19809,10,4,14
Q19810,22,3,25
Q19813,3,5,8
Q19837,33,6,39
Q19848,96,14,110
Q19900,14,5,19
Q20135,1,4,5
Q20138,5,1,6
Q20178,22,12,34
Q20378,4,20,24
Q20456,55,1,56
Q20474,5,0,5
Q20502,4,14,18
Q20718,14,2,16
Q20872,7,12,19
Q20875,63,9,72
Q20922,20,1,21
Q20927,6,1,7
Q20934,8,5,13
Q20937,4,2,6
Q21057,7,5,12
Q21077,14,81,95
Q21164,0,6,6
Q21195,8,8,16
Q21198,5,15,20
Q21201,9,12,21
Q21203,20,5,25
Q21208,13,11,24
Q21578,32,44,76
Q22048,33,27,60
Q22151,13,5,18
Q22272,12,0,12
Q22316,35,1,36
Q22424,20,13,33
Q22432,36,2,38
Q22595,15,0,15
Q22645,6,1,7
Q22649,15,5,20
Q22656,11,0,11
Q22669,8,15,23
Q22670,51,4,55
Q22679,0,7,7
Q22686,58,2,60
Q22687,10,6,16
Q22690,21,2,23
Q22699,5,13,18
Q22707,3,0,3
Q22711,16,12,28
Q22889,21,5,26
Q22890,9,5,14
Q22905,12,7,19
Q22947,2,17,19
Q23051,9,7,16
Q23058,6,13,19
Q23064,16,4,20
Q23066,11,5,16
Q23077,13,2,15
Q23079,14,4,18
Q23080,7,4,11
Q23082,9,5,14
Q23083,6,5,11
Q23086,10,2,12
Q23088,5,4,9
Q23090,16,4,20
Q23091,10,9,19
Q23092,8,6,14
Q23095,9,4,13
Q23098,17,7,24
Q23099,5,7,12
Q23100,8,4,12
Q23103,13,5,18
Q23105,11,8,19
Q23106,13,3,16
Q23109,11,11,22
Q23111,12,6,18
Q23112,16,3,19
Q23115,10,8,18
Q23124,10,2,12
Q23129,12,6,18
Q23135,10,8,18
Q23140,14,7,21
Q23143,10,6,16
Q23148,17,5,22
Q23154,20,23,43
Q23156,12,6,18
Q23157,14,5,19
Q23159,11,8,19
Q23165,14,5,19
Q23169,9,16,25
Q23183,8,8,16
Q23197,15,44,59
Q23204,12,10,22
Q23215,53,6,59
Q23220,17,9,26
Q23229,18,8,26
Q23239,9,0,9
Q23240,16,15,31
Q23261,17,7,24
Q23276,19,19,38
Q23287,9,4,13
Q23293,5,3,8
Q23298,12,14,26
Q23301,35,14,49
Q23306,23,23,46
Q23311,15,4,19
Q23337,15,16,31
Q23346,6,6,12
Q23359,15,7,22
Q23365,37,15,52
Q23395,46,0,46
Q23397,8,5,13
Q23400,20,18,38
Q23403,8,1,9
Q23404,14,4,18
Q23406,24,5,29
Q23407,4,2,6
Q23425,20,8,28
Q23434,36,8,44
Q23436,33,32,65
Q23442,8,23,31
Q23443,7,5,12
Q23444,7,22,29
Q23445,4,6,10
Q23466,15,4,19
Q23482,17,14,31
Q23485,18,12,30
Q23501,15,16,31
Q23505,69,4,73
Q23517,31,15,46
Q23522,12,19,31
Q23540,9,58,67
Q23547,30,22,52
Q23548,13,2,15
Q23556,25,82,107
Q23558,178,1,179
Q23559,32,1,33
Q23567,87,5,92
Q23572,74,5,79
Q23577,28,0,28
Q23589,14,0,14
Q23594,44,0,44
Q23609,100,0,100
Q23614,13,0,13
Q23622,0,7,7
Q23628,87,2,89
Q23633,9,56,65
Q23635,26,4,30
Q23653,2,5,7
Q23661,14,19,33
Q23666,7,4,11
Q23681,14,6,20
Q23685,47,8,55
Q23722,20,1,21
Q23728,34,9,43
Q23733,22,5,27
Q23739,3,28,31
Q23760,23,6,29
Q23768,10,32,42
Q23792,0,5,5
Q23800,13,3,16
Q23810,37,8,45
Q23814,22,4,26
Q23831,40,4,44
Q23844,55,45,100
Q23848,42,9,51
Q23858,17,11,28
Q23884,15,1,16
Q23891,29,7,36
Q23901,9,1,10
Q24075,47,0,47
Q24137,22,20,42
Q24241,19,31,50
Q24354,1,4,5
Q24603,6,3,9
Q24616,5,10,15
Q24632,25,8,33
Q24639,15,88,103
Q24680,5,0,5
Q24689,3,0,3
Q24699,3,0,3
Q24711,5,0,5
Q24719,3,0,3
Q24815,46,1,47
Q24826,13,22,35
Q24829,42,14,56
Q24856,0,19,19
Q24861,24,15,39
Q24862,7,0,7
Q24869,7,54,61
Q24871,62,1,63
Q24879,20,6,26
Q24904,5,0,5
Q24925,4,103,107
Q24962,22,2,24
Q24994,3,1,4
Q25007,7,4,11
Q25014,34,17,51
Q25043,29,1,30
Q25057,43,1,44
Q25078,28,18,46
Q25089,82,79,161
Q25100,31,9,40
Q25107,9,5,14
Q25120,40,1,41
Q25132,37,23,60
Q25139,59,3,62
Q25144,43,25,68
Q25161,28,5,33
Q25186,22,18,40
Q25188,67,1,68
Q25191,38,26,64
Q25224,6,17,23
Q25228,20,5,25
Q25230,14,6,20
Q25237,17,21,38
Q25258,0,5,5
Q25280,17,3,20
Q25286,8,5,13
Q25287,17,0,17
Q25305,15,5,20
Q25310,29,5,34
Q25322,0,5,5
Q25330,12,9,21
Q25331,7,3,10
Q25355,0,5,5
Q25369,38,4,42
Q25372,4,39,43
Q25379,4,10,14
Q25395,17,38,55
Q25408,22,9,31
Q25411,11,1,12
Q25416,10,2,12
Q25417,0,5,5
Q25419,3,30,33
Q25433,12,6,18
Q25436,14,0,14
Q25448,0,5,5
Q25456,14,0,14
Q25610,8,8,16
Q25686,12,5,17
Q25804,10,1,11
Q25871,12,6,18
Q25973,25,1,26
Q25989,4,63,67
Q26013,6,11,17
Q26062,16,7,23
Q26069,20,0,20
Q26116,29,8,37
Q26118,16,6,22
Q26126,0,5,5
Q26158,15,6,21
Q26173,16,7,23
Q26231,15,5,20
Q26273,16,5,21
Q26339,14,16,30
Q26354,11,7,18
Q26365,10,8,18
Q26372,22,2,24
Q26378,14,5,19
Q26421,10,1,11
Q26424,12,7,19
Q26426,12,1,13
Q26519,5,1,6
Q26568,4,5,9
Q26587,8,3,11
Q26600,15,4,19
Q26622,7,1,8
Q26625,32,2,34
Q26628,3,5,8
Q26631,3,5,8
Q26676,5,6,11
Q26686,19,5,24
Q26726,21,24,45
Q26741,11,0,11
Q26754,6,5,11
Q26756,5,2,7
Q26777,11,1,12
Q26793,16,2,18
Q26806,24,29,53
Q26807,13,6,19
Q26876,65,9,74
Q26887,9,5,14
Q26895,6,2,8
Q26899,9,6,15
Q26933,26,4,30
Q26988,20,2,22
Q27034,6,2,8
Q27051,6,3,9
Q27149,39,0,39
Q27175,0,7,7
Q27178,32,2,34
Q27184,5,21,26
Q27190,4,13,17
Q27204,36,0,36
Q27229,7,4,11
Q27231,11,12,23
Q27240,6,2,8
Q27264,17,18,35
Q27275,17,8,25
Q27293,6,23,29
Q27306,53,39,92
Q27322,9,8,17
Q27381,9,10,19
Q27394,17,11,28
Q27407,8,21,29
Q27433,6,18,24
Q27468,2,19,21
Q27479,2,17,19
Q27496,1,4,5
Q27509,2,23,25
Q27527,0,5,5
Q27585,19,1,20
Q27593,16,3,19
Q27611,10,13,23
Q27621,16,5,21
Q27686,8,3,11
Q27692,8,6,14
Q27792,8,7,15
Q27801,0,8,8
Q27840,6,8,14
Q27844,5,6,11
Q27866,4,6,10
Q27870,3,6,9
Q27908,0,5,5
Q27911,6,0,6
Q27914,8,0,8
Q27921,4,8,12
Q27939,9,54,63
Q27968,2,3,5
Q27971,9,0,9
Q27990,0,5,5
Q28003,13,8,21
Q28005,4,6,10
Q28009,4,8,12
Q28011,4,5,9
Q28012,4,6,10
Q28015,4,8,12
Q28018,4,7,11
Q28023,4,5,9
Q28024,4,7,11
Q28028,53,21,74
Q28032,4,6,10
Q28033,4,8,12
Q28035,4,8,12
Q28039,4,6,10
Q28054,38,35,73
Q28070,6,5,11
Q28089,7,0,7
Q28090,4,6,10
Q28097,4,6,10
Q28108,0,6,6
Q28109,3,5,8
Q28127,4,5,9
Q28133,4,5,9
Q28145,4,6,10
Q28179,15,8,23
Q28180,9,2,11
Q28193,36,0,36
Q28198,12,6,18
Q28206,17,4,21
Q28218,15,13,28
Q28233,12,7,19
Q28237,16,10,26
Q28249,15,3,18
Q28252,10,8,18
Q28260,17,4,21
Q28271,16,9,25
Q28275,4,8,12
Q28285,4,2,6
Q28288,25,7,32
Q28298,19,18,37
Q28310,14,5,19
Q28367,19,5,24
Q28378,8,5,13
Q28389,4,1898,1902
Q28437,16,7,23
Q28470,6,58,64
Q28493,35,28,63
Q28497,14,6,20
Q28513,37,38,75
Q28515,18,4,22
Q28537,20,3,23
Q28552,0,5,5
Q28556,22,12,34
Q28591,26,0,26
Q28602,0,6,6
Q28603,11,1,12
Q28640,7,239,246
Q28645,3,8,11
Q28647,4,7,11
Q28666,3,5,8
Q28670,4,6,10
Q28674,4,4,8
Q28676,4,5,9
Q28678,4,5,9
Q28680,4,6,10
Q28682,4,4,8
Q28684,4,8,12
Q28686,4,6,10
Q28695,17,0,17
Q28729,9,0,9
Q28743,4,7,11
Q28744,4,4,8
Q28748,4,7,11
Q28750,4,4,8
Q28755,24,14,38
Q28760,4,5,9
Q28763,2,29,31
Q28797,0,5,5
Q28811,4,8,12
Q28826,4,8,12
Q28829,4,8,12
Q28835,1,0,1
Q28848,14,14,28
Q28857,5,7,12
Q28865,11,1,12
Q28891,34,3,37
Q28894,4,5,9
Q28902,4,5,9
Q28906,4,6,10
Q28916,4,6,10
Q28927,3,5,8
Q28936,57,2,59
Q28945,4,6,10
Q28948,4,6,10
Q28969,8,2,10
Q28974,9,1,10
Q28985,4,8,12
Q29011,27,3,30
Q29052,23,6,29
Q29055,35,14,49
Q29086,19,9,28
Q29092,13,19,32
Q29103,3,0,3
Q29108,5,1,6
Q29112,5,0,5
Q29115,4,0,4
Q29182,14,0,14
Q29245,10,1,11
Q29250,28,28,56
Q29252,4,5,9
Q29303,16,6,22
Q29328,33,7,40
Q29364,20,6,26
Q29401,9,7,16
Q29422,4,2,6
Q29445,10,2,12
Q29468,13,180,193
Q29496,12,25,37
Q29520,6,12,18
Q29536,11,1,12
Q29540,13,12,25
Q29545,0,5,5
Q29552,13,297,310
Q29570,14,1,15
Q29579,8,6,14
Q29610,4,1,5
Q29658,28,1,29
Q29999,50,26,76
Q30002,13,5,18
Q30046,15,15,30
Q30056,16,17,33
Q30185,10,1,11
Q30192,2,25,27
Q30449,38,6,44
Q30461,7,7,14
Q30873,13,4,17
Q30875,55,2,57
Q30876,17,8,25
Q30903,6,0,6
Q30931,45,0,45
Q30959,20,7,27
Q30971,6,1,7
Q30974,15,7,22
Q31013,22,3,25
Q31058,9,4,13
Q31113,12,2,14
Q31155,17,6,23
Q31225,15,2,17
Q31249,15,4,19
Q31292,13,6,19
Q31293,13,6,19
Q31294,16,13,29
Q31391,22,10,32
Q31409,12,5,17
Q31426,12,1,13
Q31487,1,6,7
Q31519,14,4,18
Q31561,1,21,22
Q31579,5,21,26
Q31629,2,62,64
Q31683,28,4,32
Q31687,6,0,6
Q31728,6,3,9
Q31747,1,7,8
Q31805,3,1,4
Q31855,3,11,14
Q31870,0,6,6
Q31874,2,0,2
Q31920,6,21,27
Q31970,12,8,20
Q32045,13,6,19
Q32090,1,8,9
Q32112,10,38,48
Q32120,12,3,15
Q32165,3,0,3
Q32166,3,0,3
Q32335,17,5,22
Q32396,7,1,8
Q32433,85,1,86
Q32450,27,1,28
Q32485,3,4,7
Q32491,7,0,7
Q32494,4,1,5
Q32522,49,17,66
Q32535,37,1,38
Q32537,4,0,4
Q32724,19,6,25
Q32730,7,5,12
Q32746,11,0,11
Q32849,30,0,30
Q32910,48,0,48
Q32929,12,1,13
Q32952,13,7,20
Q33044,8,6,14
Q33081,11,8,19
Q33111,7,7,14
Q33124,15,0,15
Q33143,7,23,30
Q33158,8,7,15
Q33203,10,22,32
Q33223,8,7,15
Q33231,4,86,90
Q33240,40,3,43
Q33264,5,1,6
Q33268,11,11,22
Q33273,5,5,10
Q33296,18,16,34
Q33298,7,6,13
Q33335,8,5,13
Q33375,19,10,29
Q33377,10,2,12
Q33384,1,15,16
Q33385,16,13,29
Q33391,39,5,44
Q33395,9,7,16
Q33405,21,10,31
Q33410,11,9,20
Q33434,7,6,13
Q33441,6,5,11
Q33471,7,6,13
Q33474,12,11,23
Q33475,11,6,17
Q33486,23,6,29
Q33492,12,8,20
Q33506,15,6,21
Q33518,0,5,5
Q33521,3,1,4
Q33537,10,8,18
Q33549,16,5,21
Q33552,8,7,15
Q33569,4,8,12
Q33573,0,5,5
Q33577,0,5,5
Q33584,10,5,15
Q33635,17,2,19
Q33638,11,6,17
Q33673,8,20,28
Q33728,6,5,11
Q33742,2,72,74
Q33748,13,0,13
Q33754,10,10,20
Q33760,59,4,63
Q33788,14,3,17
Q33810,10,9,19
Q33811,7,5,12
Q33823,9,6,15
Q33829,4,23,27
Q33837,7,12,19
Q33857,0,7,7
Q33866,57,6,63
Q33868,10,5,15
Q33881,3,5,8
Q33892,0,5,5
Q33902,6,7,13
Q33907,8,5,13
Q33923,15,8,23
Q33935,12,12,24
Q33946,25,28,53
Q33959,18,8,26
Q33965,14,9,23
Q33973,0,8,8
Q33977,44,3,47
Q33979,7,5,12
Q33997,19,18,37
Q33999,12,3460,3472
Q34002,7,6,13
Q34006,8,111,119
Q34010,3,1,4
Q34012,33,17,50
Q34014,11,6,17
Q34024,11,7,18
Q34044,12,0,12
Q34057,5,11,16
Q34069,13,28,41
Q34086,67,9,76
Q34106,5,0,5
Q34109,11,5,16
Q34110,9,3,12
Q34116,4,2,6
Q34124,5,5,10
Q34137,6,5,11
Q34144,4,1,5
Q34166,26,0,26
Q34178,10,9,19
Q34180,8,1,9
Q34183,7,0,7
Q34211,20,1,21
Q34217,22,61,83
Q34218,5,0,5
Q34227,7,1,8
Q34236,6,3,9
Q34239,4,6,10
Q34251,5,6,11
Q34257,6,6,12
Q34261,6,2,8
Q34266,48,89,137
Q34271,21,14,35
Q34290,13,8,21
Q34296,52,1,53
Q34316,34,6,40
Q34340,9,7,16
Q34366,13,4,17
Q34370,16,6,22
Q34374,19,0,19
Q34379,13,12,25
Q34389,30,13,43
Q34397,21,0,21
Q34404,18,94,112
Q34414,33,1,34
Q34424,73,3,76
Q34433,25,59,84
Q34436,34,19,53
Q34460,38,27,65
Q34490,8,0,8
Q34508,1,1,2
Q34529,17,3,20
Q34575,14,1,15
Q34581,8,6,14
Q34597,35,0,35
Q34600,24,12,36
Q34640,14,2,16
Q34644,3,47,50
Q34647,17,11,28
Q34653,3,39,42
Q34660,59,6,65
Q34664,15,5,20
Q34670,42,4,46
Q34692,11,5,16
Q34713,24,8,32
Q34726,5,4,9
Q34739,9,11,20
Q34740,0,5,5
Q34743,44,4,48
Q34749,6,15,21
Q34763,0,5,5
Q34770,1,170,171
Q34800,13,46,59
Q34804,13,15,28
Q34816,23,16,39
Q34820,10,3,13
Q34836,35,4,39
Q34851,51,16,67
Q34863,12,15,27
Q34887,10,12,22
Q34932,12,10,22
Q34956,3,8,11
Q34969,57,11,68
Q34970,27,3,30
Q34975,22,18,40
Q34981,59,12,71
Q35011,13,10,23
Q35014,3,19,22
Q35024,3,8,11
Q35032,7,8,15
Q35041,28,0,28
Q35051,10,0,10
Q35064,33,0,33
Q35069,1,1,2
Q35100,0,5,5
Q35127,0,17,17
Q35155,17,4,21
Q35162,4,5,9
Q35171,30,0,30
Q35178,8,3,11
Q35236,30,0,30
Q35243,10,8,18
Q35269,6,7,13
Q35277,9,9,18
Q35286,23,0,23
Q35314,40,5,45
Q35323,19,5,24
Q35332,46,46,92
Q35339,8,8,16
Q35381,11,3,14
Q35456,2,19,21
Q35476,12,6,18
Q35484,22,4,26
Q35497,8,26,34
Q35525,13,12,25
Q35572,13,9,22
Q35581,8,1,9
Q35610,45,4,49
Q35622,16,1,17
Q35637,21,45,66
Q35648,40,0,40
Q35657,6,50,56
Q35702,1,5,6
Q35715,22,10,32
Q35724,3,12,15
Q35738,41,0,41
Q35752,14,0,14
Q35760,9,32,41
Q35765,20,7,27
Q35775,12,5,17
Q35791,28,3,31
Q35794,23,57,80
Q35802,46,11,57
Q35805,6,8,14
Q35851,23,4,27
Q35869,10,4,14
Q35874,8,7,15
Q35876,0,5,5
Q35933,4,1,5
Q35942,23,8,31
Q35951,24,2,26
Q35986,12,9,21
Q35990,7,5,12
Q35997,14,0,14
Q36001,9,7,16
Q36036,31,2,33
Q36071,6,5,11
Q36074,16,11,27
Q36091,17,31,48
Q36092,35,2,37
Q36105,23,0,23
Q36109,10,8,18
Q36137,12,6,18
Q36147,10,5,15
Q36153,57,16,73
Q36154,10,8,18
Q36159,46,8,54
Q36163,10,7,17
Q36180,5,1020,1025
Q36184,14,2,16
Q36192,11,2,13
Q36202,5,8,13
Q36215,31,5,36
Q36236,11,46,57
Q36279,10,5,15
Q36290,35,7,42
Q36297,3,14,17
Q36301,25,14,39
Q36312,11,11,22
Q36322,31,2,33
Q36380,14,4,18
Q36387,1,4,5
Q36389,6,18,24
Q36392,7,5,12
Q36405,23,4,27
Q36409,0,5,5
Q36433,13,1,14
Q36442,3,6,9
Q36444,0,5,5
Q36451,5,7,12
Q36479,73,5,78
Q36495,15,8,23
Q36510,16,16,32
Q36561,3,13,16
Q36591,48,8,56
Q36600,29,18,47
Q36612,9,6,15
Q36633,14,12,26
Q36647,13,7,20
Q36649,1,6,7
Q36661,40,4,44
Q36669,0,7,7
Q36678,7,4,11
Q36687,26,9,35
Q36704,20,16,36
Q36705,10,5,15
Q36767,28,13,41
Q36784,4,20,24
Q36834,7,713,720
Q36840,7,5,12
Q36844,30,9,39
Q36908,5,2,7
Q36944,7,5,12
Q36947,18,3,21
Q36949,42,50,92
Q36970,45,12,57
Q37024,16,10,26
Q37030,51,3,54
Q37033,7,28,35
Q37038,13,2,15
Q37043,13,7,20
Q37049,4,52,56
Q37066,9,1,10
Q37073,6,344,350
Q37079,31,41,72
Q37083,14,10,24
Q37090,0,5,5
Q37093,7,0,7
Q37100,15,7,22
Q37143,1,16,17
Q37153,11,0,11
Q37156,30,5,35
Q37158,10,0,10
Q37160,40,7,47
Q37175,44,33,77
Q37211,13,6,19
Q37226,12,55,67
Q37230,11,8,19
Q37260,4,8,12
Q37285,6,38,44
Q37320,18,54,72
Q37327,35,2,37
Q37383,19,7,26
Q37388,45,3,48
Q37453,22,6,28
Q37459,37,23,60
Q37470,4,12,16
Q37525,9,3,12
Q37548,14,2,16
Q37621,37,4,41
Q37628,41,10,51
Q37643,5,20,25
Q37701,9,5,14
Q37726,6,7,13
Q37767,71,5,76
Q37836,16,16,32
Q37876,47,24,71
Q37922,31,65,96
Q37951,13,1,14
Q37985,17,5,22
Q37995,9,3,12
Q38022,20,41,61
Q38066,3,0,3
Q38082,43,5,48
Q38088,0,6,6
Q38104,8,12,20
Q38108,3,4,7
Q38111,61,24,85
Q38119,22,8,30
Q38130,10,18,28
Q38138,15,5,20
Q38142,7,0,7
Q38193,50,9,59
Q38216,3,0,3
Q38222,41,45,86
Q38234,19,0,19
Q38245,19,2,21
Q38253,13,0,13
Q38257,17,1,18
Q38272,12,5,17
Q38280,4,0,4
Q38283,18,8,26
Q38337,26,0,26
Q38370,29,11,40
Q38383,3,1,4
Q38392,29,12,41
Q38404,8,9,17
Q38447,3,4,7
Q38453,14,4,18
Q38457,7,4,11
Q38470,10,5,15
Q38511,27,4,31
Q38555,16,14,30
Q38610,11,6,17
Q38656,4,7,11
Q38686,4,0,4
Q38723,6,52,58
Q38726,2,0,2
Q38733,11,6,17
Q38757,34,5,39
Q38789,4,10,14
Q38799,6,0,6
Q38807,2,1,3
Q38848,8,77,85
Q38872,19,11,30
Q38875,20,7,27
Q38903,17,128,145
Q38926,7,5,12
Q38933,9,14,23
Q38981,1,9,10
Q39037,21,3,24
Q39042,11,1,12
Q39109,16,16,32
Q39121,12,7,19
Q39129,3,22,25
Q39178,10,4,14
Q39193,20,1,21
Q39212,31,4,35
Q39246,35,1,36
Q39330,4,0,4
Q39338,9,4,13
Q39367,0,5,5
Q39427,4,0,4
Q39450,7,0,7
Q39473,17,5,22
Q39476,26,9,35
Q39517,0,9,9
Q39561,10,84,94
Q39562,13,2,15
Q39571,21,3,24
Q39594,3,0,3
Q39614,11,23,34
Q39631,6,12,18
Q39634,2,5,7
Q39639,17,2,19
Q39666,37,20,57
Q39709,16,7,23
Q39722,25,0,25
Q39777,2,1,3
Q39792,37,39,76
Q39809,8,3,11
Q39829,51,13,64
Q39911,0,7,7
Q39913,6,0,6
Q39918,5,5,10
Q39965,11,9,20
Q39972,15,11,26
Q39974,11,6,17
Q39975,29,1,30
Q39979,11,6,17
Q39983,15,6,21
Q39984,9,11,20
Q39989,19,4,23
Q40024,3,53,56
Q40026,40,47,87
Q40030,10,16,26
Q40032,10,4,14
Q40035,25,20,45
Q40048,13,5,18
Q40064,19,9,28
Q40069,18,4,22
Q40087,11,3,14
Q40090,12,3,15
Q40096,63,31,94
Q40103,16,4,20
Q40115,38,1,39
Q40117,10,1,11
Q40123,0,9,9
Q40124,18,2,20
Q40143,20,5,25
Q40187,34,1,35
Q40191,11,2,13
Q40209,0,5,5
Q40213,29,5,34
Q40228,12,4,16
Q40237,4,23,27
Q40248,17,7,24
Q40269,12,2,14
Q40299,11,6,17
Q40321,29,5,34
Q40325,8,4,12
Q40337,20,8,28
Q40340,12,3,15
Q40345,9,4,13
Q40347,6,6,12
Q40348,8,64,72
Q40357,14,0,14
Q40358,11,6,17
Q40430,0,16,16
Q40435,18,33,51
Q40469,8,2,10
Q40473,9,2,11
Q40475,16,4,20
Q40478,0,7,7
Q40504,36,21,57
Q40523,33,24,57
Q40531,38,9,47
Q40561,3,1,4
Q40572,24,17,41
Q40580,20,0,20
Q40585,0,5,5
Q40640,57,5,62
Q40662,17,7,24
Q40715,40,15,55
Q40734,2,1,3
Q40779,14,3,17
Q40787,55,2,57
Q40791,35,22,57
Q40821,7,0,7
Q40831,13,53,66
Q40840,14,0,14
Q40844,11,2,13
Q40874,34,4,38
Q40878,12,7,19
Q40881,13,2,15
Q40885,0,6,6
Q40898,14,1,15
Q40909,27,7,34
Q40912,65,12,77
Q40942,0,10,10
Q40949,11,18,29
Q40956,14,8,22
Q40970,0,5,5
Q41042,41,6,47
Q41053,12,0,12
Q41057,13,6,19
Q41076,52,5,57
Q41079,10,7,17
Q41087,14,8,22
Q41115,0,15,15
Q41131,11,2,13
Q41142,40,12,52
Q41148,65,55,120
Q41155,21,6,27
Q41163,53,25,78
Q41166,41,2,43
Q41173,42,1,43
Q41176,9,9,18
Q41183,21,1,22
Q41185,10,5,15
Q41187,19,28,47
Q41211,12,9,21
Q41217,8,7,15
Q41233,11,10,21
Q41253,2,6,8
Q41254,12,183,195
Q41262,12,6,18
Q41304,30,67,97
Q41309,52,0,52
Q41323,4,124,128
Q41329,24,3,27
Q41340,13,5,18
Q41342,39,4,43
Q41343,4,0,4
Q41351,45,18,63
Q41358,18,8,26
Q41375,29,29,58
Q41396,19,12,31
Q41397,1,5,6
Q41417,5,421,426
Q41420,9,0,9
Q41421,44,9,53
Q41422,43,16,59
Q41425,8,3,11
Q41428,9,22,31
Q41449,15,16,31
Q41466,5,70,75
Q41506,32,41,73
Q41513,34,5,39
Q41532,29,2,31
Q41548,33,18,51
Q41550,14,40,54
Q41571,13,3,16
Q41585,41,0,41
Q41587,0,7,7
Q41594,47,6,53
Q41611,18,7,25
Q41614,2,87,89
Q41621,14,3,17
Q41644,19,15,34
Q41705,13,92,105
Q41710,3,62,65
Q41726,9,10,19
Q41754,33,1,34
Q41819,17,28,45
Q41854,29,0,29
Q41861,5,5,10
Q41871,43,17,60
Q41876,14,2,16
Q41918,8,1,9
Q41967,9,6,15
Q41984,14,11,25
Q42025,29,1,30
Q42045,2,3,5
Q42047,53,0,53
Q42049,1,5,6
Q42051,57,0,57
Q42053,19,1,20
Q42101,35,27,62
Q42156,55,2,57
Q42178,7,4,11
Q42182,5,10,15
Q42183,8,6,14
Q42186,5,6,11
Q42189,12,4,16
Q42198,47,1,48
Q42200,0,7,7
Q42201,3,5,8
Q42204,21,19,40
Q42207,17,0,17
Q42229,29,26,55
Q42240,6,7,13
Q42262,21,20,41
Q42267,21,4,25
Q42308,22,2,24
Q42339,16,26,42
Q42362,0,7,7
Q42369,2,10,12
Q42372,10,0,10
Q42385,14,12,26
Q42392,14,10,24
Q42402,39,0,39
Q42406,6,52,58
Q42418,11,1,12
Q42448,13,14,27
Q42455,42,10,52
Q42462,10,14,24
Q42478,10,2,12
Q42482,9,0,9
Q42486,7,8,15
Q42493,51,9,60
Q42497,18,4,22
Q42504,6,9,15
Q42508,0,8,8
Q42511,39,5,44
Q42519,3,3,6
Q42527,0,18,18
Q42574,45,28,73
Q42581,21,18,39
Q42585,1,5,6
Q42603,8,4,12
Q42620,5,2,7
Q42622,14,5,19
Q42646,8,8,16
Q42722,0,6,6
Q42735,13,3,16
Q42740,1,5,6
Q42745,21,1,22
Q42775,36,5,41
Q42786,52,9,61
Q42800,7,3,10
Q42824,0,7,7
Q42834,11,10,21
Q42857,7,5,12
Q42869,47,37,84
Q42880,12,7,19
Q42884,16,23,39
Q42909,6,9,15
Q42930,32,36,68
Q42941,19,2,21
Q42942,5,6,11
Q42944,0,5,5
Q42956,18,0,18
Q42973,8,13,21
Q42976,0,5,5
Q42989,1,0,1
Q43015,9,2,11
Q43035,9,4,13
Q43044,24,14,38
Q43056,4,12,16
Q43067,20,4,24
Q43103,6,5,11
Q43144,24,1,25
Q43183,12,2,14
Q43189,25,4,29
Q43194,26,9,35
Q43196,20,32,52
Q43199,18,20,38
Q43200,1,1,2
Q43203,65,45,110
Q43210,14,6,20
Q43229,3,118,121
Q43233,0,12,12
Q43235,0,7,7
Q43247,25,13,38
Q43252,37,5,42
Q43255,0,5,5
Q43259,37,4,41
Q43267,14,13,27
Q43274,64,42,106
Q43284,13,16,29
Q43287,33,70,103
Q43293,40,2,42
Q43301,9,7,16
Q43310,24,5,29
Q43319,0,9,9
Q43322,11,0,11
Q43325,17,4,21
Q43327,11,29,40
Q43343,4,47,51
Q43359,8,8,16
Q43380,19,46,65
Q43382,13,3,16
Q43399,0,6,6
Q43404,5,0,5
Q43407,15,5,20
Q43416,32,13,45
Q43421,19,18,37
Q43432,53,19,72
Q43433,7,6,13
Q43444,25,6,31
Q43445,3,0,3
Q43450,13,10,23
Q43475,11,1,12
Q43511,20,12,32
Q43631,18,4,22
Q43656,85,3,88
Q43668,19,17,36
Q43684,9,8,17
Q43695,0,6,6
Q43697,25,6,31
Q43702,7,20,27
Q43718,36,4,40
Q43783,0,5,5
Q43788,20,10,30
Q43845,5,117,122
Q43874,50,24,74
Q43883,12,7,19
Q43919,15,5,20
Q43934,14,6,20
Q43994,26,6,32
Q44016,7,2,9
Q44059,9,3,12
Q44063,35,16,51
Q44077,23,9,32
Q44120,15,16,31
Q44131,38,8,46
Q44149,4,0,4
Q44176,33,0,33
Q44190,16,7,23
Q44198,5,3,8
Q44221,35,25,60
Q44272,44,5,49
Q44279,24,0,24
Q44294,14,0,14
Q44295,4,0,4
Q44296,4,0,4
Q44301,37,0,37
Q44306,48,7,55
Q44380,29,24,53
Q44405,0,5,5
Q44410,25,11,36
Q44414,38,14,52
Q44426,37,6,43
Q44430,13,6,19
Q44440,5,0,5
Q44442,15,6,21
Q44461,41,1,42
Q44467,20,17,37
Q44512,9,8,17
Q44561,18,10,28
Q44564,11,3,14
Q44570,23,2,25
Q44578,103,4,107
Q44585,8,6,14
Q44634,25,1,26
Q44648,22,0,22
Q44676,4,9,13
Q44679,5,9,14
Q44687,9,4,13
Q44707,23,3,26
Q44709,26,0,26
Q44749,13,1,14
Q44754,7,3,10
Q44806,6,4,10
Q44823,7,2,9
Q44843,0,5,5
Q44855,27,5,32
Q44857,28,2,30
Q44892,16,1,17
Q44903,26,10,36
Q44935,52,0,52
Q44989,10,18,28
Q45108,15,10,25
Q45177,1,40,41
Q45188,10,12,22
Q45199,1,4,5
Q45208,0,6,6
Q45229,27,8,35
Q45240,10,3,13
Q45354,10,7,17
Q45393,9,13,22
Q45394,33,1,34
Q45400,2,2,4
Q45529,2,1,3
Q45578,4,0,4
Q45647,10,18,28
Q45670,16,6,22
Q45700,9,4,13
Q45761,25,11,36
Q45765,36,1,37
Q45772,26,27,53
Q45833,0,8,8
Q45839,49,3,52
Q45870,9,5,14
Q45909,76,1,77
Q45923,23,6,29
Q45935,6,0,6
Q45981,3,110,113
Q46040,31,3,34
Q46046,5,7,12
Q46096,45,0,45
Q46185,2,110,112
Q46248,41,5,46
Q46370,1,4,5
Q46392,14,1,15
Q46395,18,16,34
Q46422,13,4,17
Q46525,9,12,21
Q46551,51,1,52
Q46683,10,1,11
Q46717,55,2,57
Q46831,3,11,14
Q46862,20,8,28
Q46868,29,1,30
Q46913,14,5,19
Q46934,5,21,26
Q46938,6,24,30
Q46943,5,17,22
Q46952,3,23,26
Q46970,0,9,9
Q47034,11,1,12
Q47050,14,1,15
Q47059,23,6,29
Q47064,3,34,37
Q47071,3,2,5
Q47087,32,12,44
Q47097,20,11,31
Q47099,9,2,11
Q47100,36,35,71
Q47122,34,3,37
Q47152,36,3,39
Q47164,11,186,197
Q47168,0,28,28
Q47170,6,3,9
Q47193,7,1,8
Q47216,40,4,44
Q47221,37,1,38
Q47265,13,13,26
Q47280,0,5,5
Q47284,27,32,59
Q47296,28,0,28
Q47369,17,7,24
Q47398,5,2,7
Q47423,2,4,6
Q47426,28,1,29
Q47430,7,5,12
Q47488,7,7,14
Q47543,7,57,64
Q47566,5,2,7
Q47611,0,5,5
Q47629,1,0,1
Q47664,53,17,70
Q47670,20,11,31
Q47703,60,5,65
Q47716,19,8,27
Q47722,7,0,7
Q47735,6,40,46
Q47740,1,5,6
Q47762,23,6,29
Q47770,3,6,9
Q47774,26,5,31
Q47822,7,1,8
Q47871,28,19,47
Q47875,31,2,33
Q47887,10,1,11
Q47894,10,3,13
Q47896,6,3,9
Q47899,27,7,34
Q47912,15,68,83
Q47916,18,2,20
Q47944,9,2,11
Q47952,8,3,11
Q47965,4,3,7
Q47967,10,11,21
Q47974,17,5,22
Q47983,10,6,16
Q47994,11,10,21
Q48006,12,9,21
Q48015,19,13,32
Q48026,13,11,24
Q48038,15,10,25
Q48046,0,5,5
Q48054,0,5,5
Q48063,11,6,17
Q48066,10,5,15
Q48079,0,5,5
Q48091,0,8,8
Q48094,0,5,5
Q48143,13,3,16
Q48187,36,7,43
Q48195,12,0,12
Q48204,0,10,10
Q48226,42,4,46
Q48227,7,12,19
Q48249,3,6,9
Q48256,20,1,21
Q48259,22,3,25
Q48270,1,8,9
Q48274,10,3,13
Q48277,1,7,8
Q48280,21,3,24
Q48301,35,9,44
Q48320,20,2,22
Q48324,4,5,9
Q48335,9,0,9
Q48337,45,31,76
Q48340,16,1,17
Q48349,11,18,29
Q48352,3,7,10
Q48370,15,4,19
Q48403,9,3,12
Q48410,27,13,40
Q48432,4,12,16
Q48525,7,17,24
Q48619,9,0,9
Q48705,1,6,7
Q48734,32,1,33
Q48765,21,3,24
Q48777,41,0,41
Q48809,0,7,7
Q48843,3,0,3
Q48851,5,1,6
Q48862,4,3,7
Q48879,4,7,11
Q48890,2,3,5
Q48911,4,0,4
Q48925,4,4,8
Q48929,4,0,4
Q48932,4,0,4
Q48935,4,1,5
Q48938,4,1,5
Q48939,5,0,5
Q48941,3,0,3
Q48943,3,7,10
Q48944,3,0,3
Q48945,4,0,4
Q48946,4,3,7
Q48947,4,3,7
Q48948,4,3,7
Q48949,4,2,6
Q48950,4,5,9
Q48951,4,2,6
Q48953,5,3,8
Q48954,4,2,6
Q48958,8,14,22
Q48975,15,4,19
Q48983,49,1,50
Q48987,24,15,39
Q48995,9,1,10
Q49001,65,20,85
Q49003,34,3,37
Q49004,23,4,27
Q49012,8,7,15
Q49014,11,3,14
Q49017,41,9,50
Q49020,14,13,27
Q49023,7,5,12
Q49024,3,3,6
Q49074,44,5,49
Q49077,2,10,12
Q49078,11,4,15
Q49081,32,1,33
Q49084,7,15,22
Q49085,10,158,168
Q49087,8,0,8
Q49088,33,127,160
Q49100,3,8,11
Q49103,3,5,8
Q49106,2,4,6
Q49108,33,13,46
Q49109,7,17,24
Q49110,26,28,54
Q49111,19,39,58
Q49112,35,71,106
Q49113,3,16,19
Q49114,26,29,55
Q49115,30,39,69
Q49116,30,14,44
Q49117,34,25,59
Q49118,22,6,28
Q49119,18,12,30
Q49120,19,15,34
Q49121,8,2,10
Q49122,9,9,18
Q49123,5,32,37
Q49124,5,7,12
Q49126,9,6,15
Q49127,9,2,11
Q49129,3,1,4
Q49140,3,2,5
Q49142,11,9,20
Q49143,6,5,11
Q49145,14,29,43
Q49146,11,5,16
Q49147,8,0,8
Q49149,5,0,5
Q49156,8,0,8
Q49158,14,13,27
Q49162,14,7,21
Q49163,14,1,15
Q49164,8,3,11
Q49165,13,10,23
Q49166,11,11,22
Q49167,9,26,35
Q49169,12,12,24
Q49172,4,0,4
Q49174,16,13,29
Q49178,9,3,12
Q49179,14,12,26
Q49184,11,4,15
Q49186,7,5,12
Q49188,8,2,10
Q49190,10,2,12
Q49191,12,1,13
Q49192,10,4,14
Q49193,6,2,8
Q49195,7,2,9
Q49196,13,13,26
Q49197,6,1,7
Q49198,9,4,13
Q49199,7,2,9
Q49200,5,2,7
Q49201,14,9,23
Q49202,9,11,20
Q49204,18,5,23
Q49205,12,6,18
Q49206,16,3,19
Q49207,11,2,13
Q49208,9,8,17
Q49209,11,2,13
Q49210,23,116,139
Q49211,13,2,15
Q49212,25,6,31
Q49213,31,30,61
Q49218,14,15,29
Q49219,8,8,16
Q49220,6,0,6
Q49221,7,6,13
Q49222,9,4,13
Q49225,8,5,13
Q49227,8,13,21
Q49229,8,6,14
Q49231,11,8,19
Q49233,5,8,13
Q49236,8,4,12
Q49238,11,4,15
Q49239,7,10,17
Q49240,9,6,15
Q49241,12,7,19
Q49242,7,2,9
Q49243,10,15,25
Q49244,10,9,19
Q49247,9,7,16
Q49255,9,12,21
Q49256,8,7,15
Q49258,10,9,19
Q49259,9,4,13
Q49261,5,1,6
Q49266,7,11,18
Q49267,4,6,10
Q49268,18,5,23
Q49272,5,1,6
Q49273,4,2,6
Q49274,7,1,8
Q49376,2,0,2
Q49447,0,6,6
Q49451,4,75,79
Q49481,34,0,34
Q49498,39,1,40
Q49542,14,8,22
Q49552,11,1,12
Q49554,9,0,9
Q49566,9,0,9
Q49569,8,0,8
Q49573,8,1,9
Q49683,1,4,5
Q49757,4,197,201
Q49773,3,10,13
Q49832,2,11,13
Q49836,7,6,13
Q49849,3,6,9
Q49890,2,16,18
Q49892,4,25,29
Q50001,9,10,19
Q50003,0,2,2
Q50008,10,9,19
Q50020,34,1,35
Q50033,14,0,14
Q50040,10,5,15
Q50337,6,21,27
Q50602,6,3,9
Q50662,18,2,20
Q50686,2,12,14
Q50764,0,4,4
Q50776,1,2,3
Q50816,7,3,10
Q50861,47,0,47
Q51057,13,0,13
Q51114,37,12,49
Q51123,17,1,18
Q51133,21,3,24
Q51290,5,55,60
Q51416,55,1,56
Q51488,29,5,34
Q51489,28,24,52
Q51490,24,14,38
Q51491,19,4,23
Q51492,37,11,48
Q51495,38,11,49
Q51506,51,16,67
Q51511,27,1,28
Q51519,18,6,24
Q51522,30,20,50
Q51525,37,11,48
Q51535,22,5,27
Q51537,37,19,56
Q51545,1,3,4
Q51547,44,25,69
Q51552,42,26,68
Q51559,34,11,45
Q51562,23,7,30
Q51564,19,14,33
Q51566,38,21,59
Q51570,30,8,38
Q51575,36,26,62
Q51577,21,10,31
Q51581,21,6,27
Q51582,35,5,40
Q51583,28,12,40
Q51649,3,4,7
Q51654,7,13,20
Q51655,3,0,3
Q51668,30,0,30
Q51682,5,2,7
Q51685,5,5,10
Q51689,7,4,11
Q51690,4,0,4
Q51691,6,1,7
Q51693,10,4,14
Q51737,20,0,20
Q51814,16,12,28
Q51974,7,0,7
Q51976,5,0,5
Q51985,22,1,23
Q52062,1,5,6
Q52392,23,10,33
Q52401,0,5,5
Q52405,0,5,5
Q52411,22,6,28
Q52413,23,7,30
Q52418,3,7,10
Q52440,20,4,24
Q52447,30,6,36
Q52454,7,0,7
Q52471,12,7,19
Q52535,8,3,11
Q52847,2,6,8
Q52954,3,94,97
Q52996,7,0,7
Q52997,21,11,32
Q52999,4,1,5
Q53001,53,4,57
Q53002,53,11,64
Q53004,34,4,38
Q53009,58,10,68
Q53011,17,1,18
Q53026,0,3,3
Q53037,0,5,5
Q53040,33,8,41
Q53045,0,6,6
Q53050,0,4,4
Q53094,3,19,22
Q53096,29,0,29
Q53110,24,1,25
Q53120,15,6,21
Q53121,2,0,2
Q53340,11,0,11
Q53342,7,1,8
Q53470,0,9,9
Q53651,11,7,18
Q53680,20,17,37
Q53719,35,1,36
Q53922,44,1,45
Q53944,0,6,6
Q54064,10,9,19
Q54065,7,8,15
Q54066,14,13,27
Q54072,9,5,14
Q54073,10,17,27
Q54076,10,10,20
Q54079,10,3,13
Q54082,5,6,11
Q54086,8,4,12
Q54089,6,3,9
Q54093,13,7,20
Q54109,8,6,14
Q54122,6,1,7
Q54129,8,6,14
Q54132,11,2,13
Q54134,7,0,7
Q54138,5,1,6
Q54140,13,5,18
Q54145,8,3,11
Q54149,6,1,7
Q54155,4,1,5
Q54157,0,5,5
Q54159,5,2,7
Q54160,7,8,15
Q54161,8,5,13
Q54163,6,5,11
Q54165,11,5,16
Q54173,20,4,24
Q54177,7,2,9
Q54180,8,2,10
Q54187,5,2,7
Q54188,7,6,13
Q54212,8,3,11
Q54217,10,4,14
Q54231,10,14,24
Q54234,7,7,14
Q54235,9,3,12
Q54236,12,4,16
Q54238,5,6,11
Q54240,11,4,15
Q54246,4,5,9
Q54251,0,5,5
Q54253,9,6,15
Q54264,10,5,15
Q54274,68,1,69
Q54314,23,8,31
Q54365,7,13,20
Q54438,7,7,14
Q54439,14,3,17
Q54440,9,4,13
Q54441,4,5,9
Q54442,0,5,5
Q54443,8,2,10
Q54444,4,6,10
Q54445,8,3,11
Q54446,5,4,9
Q54860,12,17,29
Q54961,4,1,5
Q54988,4,0,4
Q55044,22,11,33
Q55163,32,22,54
Q55168,1,6,7
Q55171,46,26,72
Q55207,0,4,4
Q55210,40,0,40
Q55215,26,14,40
Q55218,0,7,7
Q55221,20,3,23
Q55230,18,1,19
Q55234,20,2,22
Q55238,24,6,30
Q55245,58,35,93
Q55249,19,4,23
Q55258,24,9,33
Q55260,31,14,45
Q55264,29,5,34
Q55277,40,9,49
Q55294,38,23,61
Q55299,0,6,6
Q55300,11,15,26
Q55303,22,7,29
Q55304,1,7,8
Q55306,14,9,23
Q55309,1,4,5
Q55391,0,5,5
Q55392,56,11,67
Q55400,53,21,74
Q55405,16,1,17
Q55407,20,5,25
Q55408,18,0,18
Q55411,44,10,54
Q55420,34,10,44
Q55422,32,24,56
Q55424,21,15,36
Q55428,19,16,35
Q55429,24,10,34
Q55430,23,12,35
Q55431,24,15,39
Q55432,15,11,26
Q55433,45,4,49
Q55452,0,4,4
Q55469,21,5,26
Q55641,0,6,6
Q55643,9,12,21
Q55697,3,5,8
Q55796,49,9,58
Q55800,62,7,69
Q56005,36,32,68
Q56008,31,43,74
Q56014,22,6,28
Q56016,35,14,49
Q56019,4,6,10
Q56036,0,6,6
Q56037,9,8,17
Q56061,2,36,38
Q56093,27,7,34
Q56094,66,47,113
Q56095,6,15,21
Q56145,3,6,9
Q56149,9,1,10
Q56151,5,4,9
Q56152,7,7,14
Q56153,6,3,9
Q56194,137,2,139
Q56385,11,5,16
Q56399,0,5,5
Q56411,0,5,5
Q56412,7,5,12
Q56431,10,6,16
Q56467,30,26,56
Q56475,13,6,19
Q56477,8,6,14
Q56479,13,7,20
Q56487,16,10,26
Q56500,9,5,14
Q56546,1,4,5
Q56553,10,6,16
Q56601,0,5,5
Q56643,9,5,14
Q56666,8,5,13
Q56749,12,5,17
Q57052,16,14,30
Q57118,18,9,27
Q57123,15,5,20
Q57143,3,1,4
Q57147,22,15,37
Q57231,22,9,31
Q57278,7,0,7
Q57282,20,0,20
Q57316,0,4,4
Q57318,9,9,18
Q57391,20,9,29
Q57448,0,6,6
Q57614,17,12,29
Q57833,12,2,14
Q57932,20,12,32
Q57968,0,9,9
Q58024,16,1,17
Q58296,15,6,21
Q58339,4,25,29
Q58381,20,1,21
Q58444,43,29,72
Q58579,22,0,22
Q58586,29,5,34
Q58592,0,6,6
Q58635,34,23,57
Q58669,0,5,5
Q58680,12,5,17
Q58684,6,8,14
Q58686,8,2,10
Q58688,8,4,12
Q58691,11,7,18
Q58692,3,7,10
Q58694,6,3,9
Q58696,11,1,12
Q58698,6,6,12
Q58711,7,6,13
Q58712,5,3,8
Q58721,0,6,6
Q58731,11,7,18
Q58733,1,5,6
Q58735,33,0,33
Q58759,4,7,11
Q58771,5,3,8
Q58774,4,2,6
Q58854,6,8,14
Q58900,6,2,8
Q58912,33,8,41
Q58967,6,0,6
Q59084,27,0,27
Q59085,22,13,35
Q59115,5,7,12
Q59129,25,8,33
Q59185,26,0,26
Q59215,40,17,57
Q59259,18,18,36
Q59314,19,5,24
Q59595,34,0,34
Q59610,35,0,35
Q59653,72,3,75
Q59670,10,2,12
Q59821,24,12,36
Q59931,37,0,37
Q60025,64,3,67
Q60036,19,6,25
Q60068,21,1,22
Q60072,46,2,48
Q60100,25,16,41
Q60123,9,1,10
Q60130,5,3,8
Q60206,18,0,18
Q60296,24,0,24
Q60355,9,8,17
Q60422,13,4,17
Q60450,5,3,8
Q60476,0,5,5
Q60493,8,7,15
Q60637,1,5,6
Q60640,10,5,15
Q60802,10,6,16
Q60995,7,3,10
Q61059,21,4,25
Q61061,2,2,4
Q61065,4,8,12
Q61078,27,3,30
Q61116,3,5,8
Q61160,3,2,5
Q61228,7,5,12
Q61285,1,17,18
Q61292,0,4,4
Q61347,9,1,10
Q61356,14,7,21
Q61432,6,0,6
Q61465,5,0,5
Q61509,1,4,5
Q61552,11,11,22
Q61696,40,1,41
Q61881,15,11,26
Q61883,3,6,9
Q61923,3,5,8
Q62049,4,293,297
Q62378,11,1,12
Q62547,18,14,32
Q62589,11,8,19
Q62621,12,1,13
Q62623,0,6,6
Q62651,14,10,24
Q62652,8,5,13
Q62665,51,2,53
Q62730,25,1,26
Q62766,31,9,40
Q62786,17,0,17
Q62975,31,10,41
Q63026,72,1,73
Q63070,0,6,6
Q63366,13,0,13
Q63885,4,0,4
Q63997,22,0,22
Q64038,2,1,3
Q64116,13,2,15
Q64151,34,1,35
Q64160,5,0,5
Q64560,10,6,16
Q65105,16,7,23
Q65321,26,8,34
Q65379,25,2,27
Q65932,48,35,83
Q66096,7,3,10
Q66107,0,5,5
Q66485,13,3,16
Q66568,9,1,10
Q66616,9,1,10
Q66743,16,7,23
Q67469,9,6,15
Q67701,24,9,33
Q68518,12,1,13
Q68947,0,5,5
Q69339,28,3,31
Q69461,2,0,2
Q70208,5,7,12
Q70495,14,0,14
Q70536,9,1,10
Q70802,19,2,21
Q70972,25,14,39
Q70979,5,4,9
Q71084,14,14,28
Q71092,10,3,13
Q71100,5,3,8
Q71130,9,10,19
Q71202,3,7,10
Q71206,30,10,40
Q71243,22,5,27
Q71265,7,0,7
Q71275,23,8,31
Q71707,11,2,13
Q71719,5,4,9
Q71871,4,0,4
Q72077,14,5,19
Q72085,4,0,4
Q72096,1,0,1
Q72229,15,0,15
Q72259,16,6,22
Q72262,16,7,23
Q72267,28,12,40
Q72291,20,8,28
Q72334,63,5,68
Q72579,16,3,19
Q72614,26,8,34
Q72652,14,17,31
Q72717,37,9,46
Q72720,36,1,37
Q72749,11,6,17
Q72756,14,1,15
Q72792,22,0,22
Q72867,19,3,22
Q72869,26,2,28
Q72911,18,0,18
Q72984,44,6,50
Q73007,22,7,29
Q73035,18,3,21
Q73079,7,0,7
Q73089,41,7,48
Q73094,7,1,8
Q73136,23,7,30
Q73362,14,8,22
Q73416,16,6,22
Q73437,22,0,22
Q73612,21,10,31
Q73622,22,4,26
Q73801,8,7,15
Q73930,8,5,13
Q73965,4,2,6
Q74032,15,0,15
Q74195,4,6,10
Q74227,16,6,22
Q74343,8,0,8
Q74548,21,0,21
Q74881,10,3,13
Q74958,39,0,39
Q75079,14,18,32
Q75478,10,2,12
Q75622,14,6,20
Q75684,3,0,3
Q75729,9,2,11
Q75809,16,42,58
Q76092,3,23,26
Q76236,1,6,7
Q76239,8,0,8
Q76364,38,24,62
Q76409,29,0,29
Q76473,17,2,19
Q76478,38,22,60
Q76615,1,0,1
Q76711,13,2,15
Q76717,12,2,14
Q76819,30,14,44
Q76877,13,9,22
Q76895,23,4,27
Q76927,0,6,6
Q77035,14,9,23
Q77061,0,5,5
Q77112,59,4,63
Q77144,32,0,32
Q77298,16,12,28
Q77412,16,0,16
Q77588,8,5,13
Q77590,5,0,5
Q78469,0,4,4
Q78505,30,3,33
Q78924,0,3,3
Q78987,3,17,20
Q78994,7,9,16
Q79015,32,15,47
Q79025,47,2,49
Q79031,15,5,20
Q79037,17,7,24
Q79202,17,87,104
Q79389,7,1,8
Q79438,5,0,5
Q79474,6,1,7
Q79503,38,0,38
Q79519,3,0,3
Q79535,8,0,8
Q79576,10,15,25
Q79580,5,5,10
Q79638,6,0,6
Q79728,3,1,4
Q79743,5,0,5
Q79750,3,1,4
Q79751,0,6,6
Q79759,32,5,37
Q79784,64,3,67
Q79797,7,4,11
Q79800,25,4,29
Q79820,7,2,9
Q79838,9,17,26
Q79842,6,3,9
Q79848,13,7,20
Q79854,11,8,19
Q79859,6,44,50
Q79860,7,4,11
Q79867,11,12,23
Q79875,19,3,22
Q79892,6,2,8
Q79904,15,4,19
Q79911,7,13,20
Q79924,6,3,9
Q79931,6,2,8
Q79934,9,0,9
Q79941,8,1,9
Q79972,0,5,5
Q79980,14,4,18
Q79990,11,0,11
Q80006,7,7,14
Q80011,6,4,10
Q80012,10,1,11
Q80019,8,16,24
Q80024,14,12,26
Q80041,5,0,5
Q80044,39,0,39
Q80046,24,25,49
Q80053,13,0,13
Q80061,6,3,9
Q80069,21,5,26
Q80079,8,10,18
Q80083,0,6,6
Q80131,2,19,21
Q80135,63,0,63
Q80204,42,0,42
Q80284,8,7,15
Q80309,13,4,17
Q80330,6,7,13
Q80405,34,32,66
Q80424,38,4,42
Q80434,8,6,14
Q80484,12,1,13
Q80517,14,5,19
Q80524,3,6,9
Q80531,14,8,22
Q80596,50,8,58
Q80702,22,11,33
Q80739,38,16,54
Q80760,17,2,19
Q80782,9,6,15
Q80823,23,7,30
Q80837,1,28,29
Q80845,6,0,6
Q80882,10,0,10
Q80930,5,8,13
Q80938,28,27,55
Q80955,5,1,6
Q80958,12,0,12
Q80964,10,0,10
Q80966,37,38,75
Q80976,42,5,47
Q80978,11,6,17
Q80987,18,1,19
Q80989,5,1,6
Q80993,7,2,9
Q81033,12,2,14
Q81044,19,0,19
Q81052,6,0,6
Q81087,6,6,12
Q81090,6,1,7
Q81096,4,34,38
Q81153,7,4,11
Q81162,8,11,19
Q81170,7,0,7
Q81173,7,5,12
Q81174,11,1,12
Q81180,2,31,33
Q81244,56,1,57
Q81299,10,60,70
Q81328,22,20,42
Q81438,37,1,38
Q81447,29,3,32
Q81464,16,24,40
Q81483,1,4,5
Q81489,15,5,20
Q81513,0,7,7
Q81520,29,13,42
Q81545,2,1,3
Q81602,17,7,24
Q81725,13,5,18
Q81799,1,0,1
Q81819,16,12,28
Q81824,7,3,10
Q81888,7,1,8
Q81931,40,6,46
Q81938,0,5,5
Q81945,2,0,2
Q81949,7,2,9
Q81965,13,3,16
Q81982,9,8,17
Q82049,38,5,43
Q82083,32,5,37
Q82085,0,5,5
Q82104,21,17,38
Q82110,31,1,32
Q82111,4,1,5
Q82112,7,3,10
Q82151,13,8,21
Q82222,39,5,44
Q82238,25,0,25
Q82330,12,5,17
Q82352,26,0,26
Q82367,6,1,7
Q82414,2,32,34
Q82499,5,2,7
Q82505,7,3,10
Q82513,6,4,10
Q82545,27,9,36
Q82594,4,7,11
Q82606,6,0,6
Q82674,1,6,7
Q82708,9,18,27
Q82729,11,1,12
Q82786,21,5,26
Q82794,5,53,58
Q82821,0,5,5
Q82925,33,6,39
Q82949,34,0,34
Q82955,4,196,200
Q83042,6,15,21
Q83055,12,8,20
Q83059,49,9,58
Q83065,13,12,25
Q83071,57,2,59
Q83085,1,5,6
Q83158,40,2,42
Q83162,3,2,5
Q83164,11,4,15
Q83172,16,10,26
Q83187,20,1,21
Q83201,3,6,9
Q83229,1,4,5
Q83259,7,5,12
Q83267,4,10,14
Q83270,4,104,108
Q83273,9,3,12
Q83279,15,3,18
Q83286,23,21,44
Q83287,41,6,47
Q83307,3,2,5
Q83317,8,1,9
Q83319,13,5,18
Q83325,29,4,33
Q83338,78,29,107
Q83364,5,3,8
Q83396,34,2,36
Q83401,28,0,28
Q83410,27,5,32
Q83431,11,3,14
Q83440,10,136,146
Q83459,30,11,41
Q83460,11,0,11
Q83468,11,1,12
Q83484,25,7,32
Q83492,31,21,52
Q83495,52,2,54
Q83542,47,0,47
Q83588,5,0,5
Q83656,39,0,39
Q83677,10,6,16
Q83723,2,3,5
Q83726,6,2,8
Q83733,13,5,18
Q83739,40,0,40
Q83786,8,4,12
Q83789,27,0,27
Q83812,25,3,28
Q83813,18,7,25
Q83859,15,3,18
Q83906,16,0,16
Q83958,16,3,19
Q84000,15,8,23
Q84020,5,7,12
Q84151,20,0,20
Q84199,40,16,56
Q84233,23,1,24
Q85707,10,0,10
Q86768,3,18,21
Q86791,26,1,27
Q89552,0,5,5
Q91703,3,25,28
Q92561,10,12,22
Q92640,7,7,14
Q93157,18,2,20
Q93184,4,0,4
Q93187,20,12,32
Q93188,22,1,23
Q93189,6,2,8
Q93191,15,30,45
Q93195,10,7,17
Q93196,7,2,9
Q93204,2,38,40
Q93227,31,2,33
Q93230,11,0,11
Q93259,19,14,33
Q93332,38,6,44
Q93341,46,6,52
Q93346,21,25,46
Q93354,25,3,28
Q93356,42,2,44
Q93443,24,0,24
Q93662,6,0,6
Q93713,4,6,10
Q93728,4,17,21
Q93788,22,3,25
Q93828,22,0,22
Q93911,3,7,10
Q93923,3,7,10
Q93956,0,5,5
Q93957,22,5,27
Q93982,2,6,8
Q94002,25,4,29
Q94041,31,8,39
Q94050,7,5,12
Q94056,7,20,27
Q94081,48,6,54
Q94123,48,18,66
Q94145,8,8,16
Q94301,0,5,5
Q94345,5,7,12
Q94445,0,5,5
Q94669,0,5,5
Q94783,3,3,6
Q94882,41,0,41
Q94912,9,0,9
Q94919,8,3,11
Q94928,12,4,16
Q94933,9,6,15
Q94937,7,1,8
Q94992,25,8,33
Q95002,17,11,28
Q95008,30,6,36
Q95026,40,19,59
Q95030,52,34,86
Q95043,23,11,34
Q95048,27,21,48
Q95055,24,3,27
Q95068,33,7,40
Q95072,7,0,7
Q95089,25,5,30
Q95111,14,0,14
Q95119,14,1,15
Q95125,31,24,55
Q95143,21,6,27
Q95148,20,5,25
Q97511,11,3,14
Q99700,2,11,13
Q100103,6,6,12
Q100166,15,2,17
Q100440,28,6,34
Q100937,46,12,58
Q101254,12,4,16
Q101333,7,4,11
Q101401,14,0,14
Q101505,28,6,34
Q101625,11,1,12
Q101730,8,33,41
Q101751,7,25,32
Q101797,30,15,45
Q101815,15,5,20
Q101849,11,8,19
Q101859,6,1,7
Q102090,7,1,8
Q102124,1,19,20
Q102225,72,0,72
Q102235,66,0,66
Q102244,71,0,71
Q102301,13,5,18
Q102341,31,2,33
Q102385,26,5,31
Q102427,79,657,736
Q102448,59,1,60
Q102462,50,15,65
Q102551,36,8,44
Q102642,53,12,65
Q102711,48,14,62
Q102720,6,3,9
Q102754,40,0,40
Q102813,31,6,37
Q102920,7,8,15
Q102932,2,4,6
Q103076,1,6,7
Q103157,18,9,27
Q103343,36,15,51
Q103360,8,577,585
Q103474,52,1,53
Q103550,28,15,43
Q103569,49,3,52
Q103578,26,3,29
Q103618,75,448,523
Q103646,63,33,96
Q103767,26,1,27
Q103774,38,7,45
Q103784,47,16,63
Q103788,27,2,29
Q103801,12,4,16
Q103824,5,7,12
Q103846,20,1,21
Q103876,45,14,59
Q103894,46,12,58
Q103916,81,540,621
Q103917,55,35,90
Q103939,22,11,33
Q103946,39,10,49
Q103949,29,3,32
Q104000,44,8,52
Q104027,57,8,65
Q104049,64,10,74
Q104061,42,30,72
Q104067,43,8,51
Q104081,49,9,58
Q104109,29,6,35
Q104123,117,3,120
Q104127,33,4,37
Q104137,75,2,77
Q104146,24,6,30
Q104161,0,5,5
Q104212,18,8,26
Q104266,96,33,129
Q104319,9,0,9
Q104326,46,2,48
Q104340,26,2,28
Q104358,40,5,45
Q104372,40,2,42
Q104514,32,13,45
Q104680,6,0,6
Q104761,4,2,6
Q104791,58,19,77
Q104814,59,0,59
Q104898,29,1,30
Q104905,65,1,66
Q104994,17,36,53
Q105031,36,0,36
Q105118,29,1,30
Q105158,0,5,5
Q105221,33,25,58
Q105254,8,0,8
Q105304,7,38,45
Q105313,0,5,5
Q105387,93,0,93
Q105405,11,2,13
Q105420,5,1,6
Q105447,5,76,81
Q105460,55,4,59
Q105487,33,14,47
Q105513,3,10,13
Q105527,4,33,37
Q105598,39,0,39
Q105624,55,1,56
Q105660,58,16,74
Q105682,21,8,29
Q105702,54,2,56
Q105756,61,7,68
Q105817,46,18,64
Q105825,43,20,63
Q105844,3,1,4
Q105853,4,1,5
Q105861,6,2,8
Q105875,93,7,100
Q105891,1,10,11
Q105941,25,2,27
Q105960,14,2,16
Q105987,27,4,31
Q106039,4,7,11
Q106099,36,4,40
Q106126,0,6,6
Q106151,8,0,8
Q106175,30,16,46
Q106182,64,4,68
Q106193,20,3,23
Q106204,0,5,5
Q106221,48,16,64
Q106275,38,11,49
Q106291,70,556,626
Q106301,63,466,529
Q106303,0,4,4
Q106316,53,0,53
Q106349,24,6,30
Q106365,44,11,55
Q106383,32,6,38
Q106394,5,1,6
Q106418,33,6,39
Q106428,96,0,96
Q106440,49,0,49
Q106443,0,4,4
Q106458,0,6,6
Q106465,30,3,33
Q106481,46,19,65
Q106482,0,6,6
Q106506,58,1,59
Q106508,41,11,52
Q106514,26,5,31
Q106529,31,2,33
Q106571,44,0,44
Q106573,0,3,3
Q106648,32,4,36
Q106685,61,6,67
Q106687,8,11,19
Q106706,26,12,38
Q106709,0,5,5
Q106775,43,12,55
Q106800,17,78,95
Q106819,40,0,40
Q106871,34,0,34
Q106942,39,8,47
Q106997,39,8,47
Q107006,30,3,33
Q107069,17,8,25
Q107126,10,15,25
Q107130,22,1,23
Q107146,11,8,19
Q107226,75,1,76
Q107249,34,19,53
Q107258,5,505,510
Q107270,115,2,117
Q107325,55,1,56
Q107358,3,5,8
Q107390,0,15,15
Q107397,6,5,11
Q107432,39,0,39
Q107434,9,2,11
Q107438,7,5,12
Q107656,31,5,36
Q107724,45,0,45
Q107730,23,13,36
Q107761,51,0,51
Q107769,18,15,33
Q107802,3,6,9
Q107818,4,1,5
Q107894,44,0,44
Q107914,51,0,51
Q107933,22,7,29
Q108006,61,2,63
Q108047,8,11,19
Q108053,12,10,22
Q108058,6,8,14
Q108067,9,7,16
Q108072,9,5,14
Q108077,5,7,12
Q108083,10,3,13
Q108087,10,1,11
Q108093,7,2,9
Q108101,11,4,15
Q108106,10,5,15
Q108111,9,9,18
Q108117,8,6,14
Q108122,8,5,13
Q108127,12,11,23
Q108131,16,3,19
Q108137,10,3,13
Q108143,13,8,21
Q108270,11,11,22
Q108283,59,17,76
Q108297,55,1,56
Q108366,55,15,70
Q108403,9,7,16
Q108408,12,5,17
Q108418,14,9,23
Q108429,9,4,13
Q108499,9,6,15
Q108503,7,9,16
Q108510,37,6,43
Q108525,51,1,52
Q108560,74,6,80
Q108586,32,0,32
Q108597,42,1,43
Q108618,8,8,16
Q108622,17,12,29
Q108666,9,0,9
Q108745,40,4,44
Q108774,41,2,43
Q108861,12,5,17
Q108912,29,0,29
Q108935,32,15,47
Q108941,32,14,46
Q108946,58,0,58
Q109092,6,2,8
Q109128,5,2,7
Q109135,43,1,44
Q109232,25,12,37
Q109265,8,7,15
Q109324,24,12,36
Q109331,45,1,46
Q109564,22,0,22
Q109612,31,2,33
Q109626,9,5,14
Q109641,8,3,11
Q109651,8,3,11
Q109656,4,6,10
Q109661,3,6,9
Q109670,6,5,11
Q109681,8,2,10
Q109686,10,2,12
Q109690,8,6,14
Q109695,6,5,11
Q109705,6,5,11
Q109709,4,6,10
Q109767,38,1,39
Q109790,6,3,9
Q109871,10,0,10
Q110043,31,1,32
Q110138,34,0,34
Q110145,5,32,37
Q110154,30,9,39
Q110187,5,3,8
Q110203,74,1,75
Q110278,55,0,55
Q110365,60,1,61
Q110374,28,16,44
Q110379,18,6,24
Q110397,56,1,57
Q110403,9,4,13
Q110412,8,3,11
Q110426,6,2,8
Q110436,42,5,47
Q110462,43,2,45
Q110495,4,5,9
Q110739,11,13,24
Q111074,32,13,45
Q111098,9,7,16
Q111168,10,5,15
Q111174,5,6,11
Q111332,5,22,27
Q111368,6,2,8
Q111391,4,5,9
Q111400,5,4,9
Q111409,4,3,7
Q111436,36,7,43
Q111540,6,5,11
Q111549,5,2,7
Q111613,0,5,5
Q111694,5,4,9
Q111774,5,3,8
Q112099,4,48,52
Q112107,5,2,7
Q112243,10,102,112
Q112271,6,2,8
Q112307,48,4,52
Q112457,4,5,9
Q112512,4,6,10
Q112707,8,0,8
Q112915,13,7,20
Q113000,3,0,3
Q113029,9,2,11
Q113068,2,8,10
Q113079,6,2,8
Q113206,24,13,37
Q113237,5,3,8
Q113892,7,1,8
Q114063,0,5,5
Q114115,53,0,53
Q114140,9,2,11
Q114179,17,13,30
Q114306,8,4,12
Q114447,13,4,17
Q114819,42,1,43
Q114843,11,4,15
Q114862,8,4,12
Q114904,7,5,12
Q114923,7,1,8
Q114948,5,7,12
Q114969,6,2,8
Q114989,6,6,12
Q114992,5,4,9
Q115014,4,6,10
Q115025,3,4,7
Q115026,5,6,11
Q115043,8,4,12
Q115055,23,9,32
Q115061,3,5,8
Q115081,3,6,9
Q115104,8,2,10
Q115134,13,4,17
Q115148,12,5,17
Q115166,10,1,11
Q115182,11,2,13
Q115187,16,5,21
Q115200,5,6,11
Q115216,8,3,11
Q115227,5,4,9
Q115247,7,1,8
Q115258,0,5,5
Q115266,7,4,11
Q115289,11,1,12
Q115376,19,5,24
Q115385,30,0,30
Q115463,3,5,8
Q115480,5,5,10
Q115500,0,2,2
Q115541,30,9,39
Q115547,27,5,32
Q115551,3,1,4
Q115556,3,3,6
Q115735,24,5,29
Q115737,3,5,8
Q115760,41,0,41
Q116113,15,5,20
Q116219,20,6,26
Q116434,10,4,14
Q116485,10,1,11
Q116636,8,7,15
Q116845,100,0,100
Q116852,43,1,44
Q116854,23,9,32
Q116861,44,16,60
Q116905,57,0,57
Q116928,60,0,60
Q117012,49,5,54
Q117040,11,1,12
Q117249,57,1,58
Q117315,110,0,110
Q117392,20,6,26
Q117396,216,1,217
Q117467,9,6,15
Q117479,13,1,14
Q117500,12,7,19
Q117590,85,4,89
Q117696,42,0,42
Q117876,12,2,14
Q117995,15,4,19
Q118152,9,3,12
Q118382,4,8,12
Q118398,10,145,155
Q118763,11,11,22
Q118863,12,1,13
Q118958,19,2,21
Q119158,0,7,7
Q119798,38,21,59
Q119849,15,7,22
Q119935,25,4,29
Q119966,7,5,12
Q120366,16,8,24
Q120367,19,2,21
Q120533,14,0,14
Q120569,2,12,14
Q120730,11,6,17
Q120755,10,0,10
Q120758,0,5,5
Q120877,1,11,12
Q121045,8,7,15
Q121157,7,1,8
Q121507,44,8,52
Q121594,6,27,33
Q121698,10,10,20
Q121765,5,6,11
Q121783,7,9,16
Q121810,35,0,35
Q121842,10,8,18
Q121932,13,4,17
Q122043,59,3,62
Q122113,28,0,28
Q122141,10,1,11
Q122549,5,2,7
Q122553,0,4,4
Q122563,6,0,6
Q122614,25,17,42
Q122669,10,2,12
Q122713,29,1,30
Q122723,13,4,17
Q122741,10,5,15
Q122892,8,6,14
Q123028,7,3,10
Q123078,26,4,30
Q123166,27,0,27
Q123174,23,4,27
Q123206,26,6,32
Q123213,0,6,6
Q123258,9,3,12
Q123351,30,26,56
Q123480,2,46,48
Q123627,5,3,8
Q123634,8,12,20
Q123705,11,18,29
Q123709,15,5,20
Q123737,8,89,97
Q123745,14,6,20
Q123759,6,35,41
Q123766,10,11,21
Q123829,38,4,42
Q123849,18,4,22
Q123885,24,44,68
Q124147,14,0,14
Q124179,35,14,49
Q124230,4,8,12
Q124490,6,6,12
Q124617,40,0,40
Q124739,5,1,6
Q124964,0,5,5
Q125017,29,22,51
Q125076,0,5,5
Q125106,21,13,34
Q125121,80,10,90
Q125163,6,8,14
Q125249,32,0,32
Q125337,22,10,32
Q125434,9,0,9
Q125551,18,5,23
Q125603,25,11,36
Q125761,10,10,20
Q125904,40,21,61
Q126039,3,6,9
Q126183,39,0,39
Q126188,0,6,6
Q126269,6,2,8
Q126334,5,1,6
Q126399,19,386,405
Q126514,5,4,9
Q126599,26,14,40
Q126699,27,0,27
Q126793,2,6,8
Q126796,21,2,23
Q126800,27,4,31
Q126805,9,2,11
Q126826,22,14,36
Q126941,22,7,29
Q126957,23,2,25
Q127041,8,3,11
Q127050,6,5,11
Q127060,27,1,28
Q127076,7,8,15
Q127167,10,4,14
Q127238,6,3,9
Q127318,31,9,40
Q127330,51,3,54
Q127367,71,1,72
Q127417,43,0,43
Q127471,18,4,22
Q127506,10,2,12
Q127513,10,4,14
Q127552,14,20,34
Q127635,5,0,5
Q127683,7,26,33
Q127856,7,117,124
Q127877,13,2,15
Q127897,37,0,37
Q127970,6,3,9
Q127978,5,2,7
Q127990,19,1,20
Q127996,14,6,20
Q128047,6,3,9
Q128069,10,13,23
Q128077,10,12,22
Q128085,29,1,30
Q128109,5,3,8
Q128114,12,6,18
Q128116,3,10,13
Q128121,47,2,49
Q128124,3,27,30
Q128133,9,6,15
Q128137,10,3,13
Q128147,10,4,14
Q128148,3,0,3
Q128160,5,7,12
Q128186,15,6,21
Q128196,0,5,5
Q128244,10,9,19
Q128267,15,7,22
Q128282,7,1,8
Q128295,6,3,9
Q128306,6,5,11
Q128309,2,72,74
Q128321,4,3,7
Q128323,11,1,12
Q128349,4,1,5
Q128361,4,1,5
Q128379,11,6,17
Q128446,4,2,6
Q128471,2,28,30
Q128493,40,0,40
Q128518,69,5,74
Q128559,5,0,5
Q128560,40,4,44
Q128581,6,21,27
Q128649,16,4,20
Q128730,55,0,55
Q128746,29,6,35
Q128758,10,33,43
Q128781,5,0,5
Q128799,33,4,37
Q128854,27,0,27
Q128891,4,2,6
Q128902,23,1,24
Q128924,24,0,24
Q128939,5,5,10
Q128944,11,1,12
Q128982,29,0,29
Q129037,32,0,32
Q129041,19,0,19
Q129079,22,6,28
Q129164,5,0,5
Q129193,28,1,29
Q129279,7,1,8
Q129286,23,90,113
Q129372,1,14,15
Q129421,22,4,26
Q129429,16,5,21
Q129499,7,5,12
Q129591,37,12,49
Q129610,11,2,13
Q129673,3,1,4
Q129817,34,20,54
Q129864,6,3,9
Q129987,27,6,33
Q130034,14,2,16
Q130191,15,11,26
Q130232,3,1052,1055
Q130290,10,5,15
Q130311,42,5,47
Q130365,19,1,20
Q130447,24,6,30
Q130521,4,0,4
Q130549,35,6,41
Q130582,5,0,5
Q130586,2,5,7
Q130631,29,2,31
Q130742,110,12,122
Q130779,22,10,32
Q130798,0,5,5
Q130799,27,2,29
Q130822,2,3,5
Q130838,16,5,21
Q130840,8,5,13
Q130857,4,39,43
Q130866,4,0,4
Q130871,3,15,18
Q130965,12,16,28
Q130981,13,3,16
Q131036,2,20,22
Q131062,4,2,6
Q131074,80,2,82
Q131075,5,14,19
Q131144,7,0,7
Q131149,43,5,48
Q131156,0,3,3
Q131183,1,1,2
Q131186,8,0,8
Q131206,5,0,5
Q131209,4,0,4
Q131215,4,0,4
Q131219,11,9,20
Q131239,8,6,14
Q131252,24,34,58
Q131262,25,3,28
Q131272,3,110,113
Q131277,8,2,10
Q131285,48,26,74
Q131320,10,2,12
Q131324,46,11,57
Q131332,17,5,22
Q131333,45,6,51
Q131335,10,1,11
Q131337,19,4,23
Q131339,17,9,26
Q131342,20,11,31
Q131347,8,2,10
Q131359,8,17,25
Q131364,6,2,8
Q131371,5,4,9
Q131378,150,46,196
Q131380,24,7,31
Q131390,33,0,33
Q131425,10,0,10
Q131433,67,5,72
Q131438,21,7,28
Q131439,9,6,15
Q131454,16,7,23
Q131491,14,9,23
Q131499,5,1,6
Q131512,3,11,14
Q131520,46,355,401
Q131524,3,100,103
Q131539,10,12,22
Q131578,3,12,15
Q131591,8,12,20
Q131610,1,4,5
Q131647,11,33,44
Q131691,43,4,47
Q131725,39,2,41
Q131736,10,0,10
Q131742,14,5,19
Q131755,11,2,13
Q131758,132,4,136
Q131774,5,5,10
Q131785,9,1,10
Q131805,37,3,40
Q131814,59,5,64
Q131861,28,0,28
Q131866,12,8,20
Q131908,7,2,9
Q131964,40,44,84
Q131981,1,5,6
Q132050,5,2,7
Q132112,9,15,24
Q132217,9,6,15
Q132265,3,1,4
Q132311,2,57,59
Q132351,51,2,53
Q132410,0,6,6
Q132430,13,8,21
Q132438,6,3,9
Q132515,6,11,17
Q132524,40,0,40
Q132529,8,22,30
Q132533,5,13,18
Q132551,1,3,4
Q132568,4,6,10
Q132616,28,20,48
Q132664,6,15,21
Q132689,50,1,51
Q132705,8,2,10
Q132720,6,6,12
Q132734,16,8,24
Q132805,28,1,29
Q132821,10,3,13
Q132830,4,0,4
Q132863,34,6,40
Q132880,5,1,6
Q132885,7,3,10
Q132893,7,3,10
Q132952,34,52,86
Q132971,4,0,4
Q133032,22,1,23
Q133050,27,23,50
Q133054,27,1,28
Q133073,9,3,12
Q133112,14,6,20
Q133116,14,18,32
Q133151,22,2,24
Q133156,0,8,8
Q133163,4,41,45
Q133205,17,5,22
Q133244,11,5,16
Q133313,25,15,40
Q133315,12,3,15
Q133356,28,17,45
Q133405,21,12,33
Q133442,3,16,19
Q133481,10,13,23
Q133485,15,2,17
Q133566,1,4,5
Q133631,18,6,24
Q133654,76,2,78
Q133730,36,15,51
Q133754,2,12,14
Q133853,7,3,10
Q133857,4,3,7
Q134077,44,18,62
Q134102,6,50,56
Q134133,9,8,17
Q134161,4,49,53
Q134180,23,3,26
Q134183,37,5,42
Q134189,20,5,25
Q134202,5,15,20
Q134233,29,13,42
Q134241,5,0,5
Q134262,38,4,42
Q134307,9,4,13
Q134333,29,9,38
Q134390,3,12,15
Q134430,23,1,24
Q134479,16,0,16
Q134541,12,9,21
Q134549,31,1,32
Q134626,1,19,20
Q134635,14,5,19
Q134658,23,4,27
Q134672,14,6,20
Q134773,92,4,96
Q134798,38,2,40
Q134867,25,11,36
Q134895,53,15,68
Q134902,8,4,12
Q134916,16,2,18
Q134925,7,2,9
Q134942,29,1,30
Q134969,19,20,39
Q135288,3,29,32
Q135315,26,0,26
Q135498,3,35,38
Q135531,2,5,7
Q135615,9,5,14
Q135637,3,0,3
Q135744,17,6,23
Q136209,17,17,34
Q136264,29,0,29
Q136433,4,0,4
Q136538,6,1,7
Q136591,17,6,23
Q136605,27,0,27
Q136625,19,1,20
Q136696,2,0,2
Q136822,4,20,24
Q136851,7,0,7
Q137042,25,4,29
Q137595,36,0,36
Q137800,29,0,29
Q137916,7,6,13
Q138005,24,20,44
Q138089,5,1,6
Q138107,5,0,5
Q138141,9,3,12
Q138311,8,6,14
Q138338,9,8,17
Q138345,6,6,12
Q138367,8,6,14
Q138391,11,15,26
Q138458,8,3,11
Q138518,11,16,27
Q138576,29,2,31
Q138578,12,8,20
Q138858,6,8,14
Q138996,4,16,20
Q139184,7,77,84
Q139258,23,0,23
Q139319,13,24,37
Q139325,13,10,23
Q139326,33,2,35
Q139330,24,6,30
Q139341,9,11,20
Q139460,37,0,37
Q139473,10,1,11
Q139564,7,4,11
Q139642,14,9,23
Q139890,15,10,25
Q139901,8,0,8
Q139927,32,0,32
Q140075,5,1,6
Q140181,11,6,17
Q140201,19,8,27
Q140359,1,7,8
Q140686,3,15,18
Q141359,39,2,41
Q141459,5,6,11
Q141688,146,24,170
Q141720,7,10,17
Q141810,5,2,7
Q141817,7,18,25
Q141844,5,2,7
Q141882,13,0,13
Q141931,4,1,5
Q141971,5,0,5
Q142005,6,0,6
Q142292,63,0,63
Q142349,5,1,6
Q142369,9,7,16
Q142392,6,13,19
Q142555,3,0,3
Q142636,9,7,16
Q142695,11,0,11
Q142701,35,8,43
Q142714,5,2,7
Q142740,8,0,8
Q142794,20,0,20
Q142811,11,4,15
Q143223,8,2,10
Q143230,15,1,16
Q143369,12,5,17
Q143405,6,3,9
Q143451,17,1,18
Q144190,4,0,4
Q144412,11,12,23
Q144483,33,2,35
Q144488,12,1,13
Q144622,64,3,67
Q144643,12,8,20
Q144756,18,1,19
Q144792,0,6,6
Q144940,8,7,15
Q145132,19,1,20
Q145245,12,0,12
Q145752,4,23,27
Q145806,4,1,5
Q145930,15,10,25
Q146025,2,11,13
Q146027,0,5,5
Q146165,14,8,22
Q146212,12,21,33
Q146246,12,8,20
Q146281,10,4,14
Q146444,16,2,18
Q146673,45,2,47
Q146690,5,2,7
Q146766,6,6,12
Q146929,16,1,17
Q147077,29,15,44
Q147235,162,2,164
Q147318,3,5,8
Q147395,14,6,20
Q147768,0,23,23
Q147778,8,11,19
Q147909,23,7,30
Q148204,46,0,46
Q148234,27,5,32
Q148349,6,4,10
Q148499,2,3,5
Q148540,0,5,5
Q148609,3,0,3
Q148669,23,1,24
Q148675,17,5,22
Q148732,24,9,33
Q148995,4,7,11
Q149086,4,5,9
Q149260,5,5,10
Q149431,25,0,25
Q149789,2,17,19
Q149871,7,5,12
Q149947,9,1,10
Q149990,21,5,26
Q150064,12,13,25
Q150093,2,6,8
Q150229,5,10,15
Q150482,18,25,43
Q150651,34,20,54
Q150701,10,10,20
Q150767,32,0,32
Q150804,57,0,57
Q150827,10,6,16
Q150851,48,3,51
Q150903,13,10,23
Q150916,33,4,37
Q150943,26,31,57
Q150981,15,7,22
Q150991,2,8,10
Q151012,13,9,22
Q151048,9,6,15
Q151092,2,1,3
Q151168,6,10,16
Q151231,28,1,29
Q151290,7,4,11
Q151340,8,13,21
Q151374,0,5,5
Q151510,27,7,34
Q151599,23,1,24
Q151624,28,24,52
Q151720,39,5,44
Q151814,33,1,34
Q151820,22,5,27
Q151870,47,0,47
Q151885,0,12,12
Q151898,27,0,27
Q151903,30,0,30
Q151904,67,1,68
Q151935,22,4,26
Q151938,1,6,7
Q151945,28,0,28
Q151973,27,10,37
Q151991,7,16,23
Q152002,9,2,11
Q152025,36,2,38
Q152043,48,3,51
Q152079,4,1,5
Q152082,10,6,16
Q152087,28,9,37
Q152165,19,10,29
Q152171,22,2,24
Q152178,39,6,45
Q152218,7,2,9
Q152234,8,7,15
Q152245,0,6,6
Q152283,4,6,10
Q152309,16,5,21
Q152337,7,5,12
Q152388,41,1,42
Q152433,19,3,22
Q152456,63,1,64
Q152493,33,1,34
Q152499,6,3,9
Q152505,48,5,53
Q152531,53,0,53
Q152542,11,8,19
Q152559,1,16,17
Q152750,0,5,5
Q152768,38,0,38
Q152772,3,0,3
Q152773,12,6,18
Q152780,47,2,49
Q152838,23,10,33
Q152843,25,2,27
Q152857,40,1,41
Q152891,7,5,12
Q152929,34,6,40
Q152989,6,5,11
Q153006,18,0,18
Q153015,21,12,33
Q153018,32,6,38
Q153056,8,8,16
Q153080,1,4,5
Q153091,1,4,5
Q153128,2,6,8
Q153136,10,15,25
Q153172,36,1,37
Q153265,22,5,27
Q153312,1,4,5
Q153332,9,7,16
Q153468,5,6,11
Q153481,13,0,13
Q153484,34,2,36
Q153529,16,7,23
Q153535,6,0,6
Q153579,46,6,52
Q153616,7,0,7
Q153626,7,0,7
Q153647,7,1,8
Q153723,68,0,68
Q153815,2,3,5
Q153882,31,1,32
Q153943,1,4,5
Q153987,16,9,25
Q154053,6,0,6
Q154077,44,2,46
Q154136,2,8,10
Q154182,6,6,12
Q154195,18,14,32
Q154216,28,0,28
Q154293,5,0,5
Q154401,19,5,24
Q154421,33,7,40
Q154430,0,5,5
Q154454,16,10,26
Q154490,17,9,26
Q154519,18,2,20
Q154549,0,4,4
Q154561,18,8,26
Q154581,58,2,60
Q154590,3,41,44
Q154611,2,5,7
Q154690,5,6,11
Q154697,3,7,10
Q154720,3,12,15
Q154741,14,14,28
Q154756,28,3,31
Q154770,33,2,35
Q154804,17,7,24
Q154849,10,4,14
Q154874,22,0,22
Q154935,24,0,24
Q154958,5,12,17
Q155009,0,8,8
Q155018,36,1,37
Q155076,0,9,9
Q155079,32,4,36
Q155124,14,7,21
Q155144,20,3,23
Q155152,12,52,64
Q155163,37,0,37
Q155174,1,5,6
Q155186,6,0,6
Q155218,5,0,5
Q155299,1,4,5
Q155354,12,3,15
Q155378,13,8,21
Q155412,30,2,32
Q155423,15,6,21
Q155559,36,0,36
Q155570,0,5,5
Q155629,42,3,45
Q155647,2,4,6
Q155653,35,4,39
Q155700,28,5,33
Q155723,3,8,11
Q155730,5,0,5
Q155753,32,0,32
Q155775,19,9,28
Q155805,7,0,7
Q155879,18,0,18
Q156031,7,6,13
Q156035,2,11,13
Q156069,36,0,36
Q156106,19,7,26
Q156111,12,5,17
Q156150,0,5,5
Q156156,9,3,12
Q156163,4,1,5
Q156177,5,5,10
Q156181,9,3,12
Q156188,3,6,9
Q156191,6,2,8
Q156193,47,1,48
Q156199,13,9,22
Q156213,4,1,5
Q156220,0,5,5
Q156257,10,3,13
Q156287,7,2,9
Q156291,7,5,12
Q156297,7,2,9
Q156300,22,4,26
Q156305,17,7,24
Q156306,4,1,5
Q156309,35,0,35
Q156340,0,5,5
Q156342,8,2,10
Q156344,0,6,6
Q156346,9,2,11
Q156350,11,2,13
Q156353,6,6,12
Q156358,3,6,9
Q156361,5,4,9
Q156366,9,2,11
Q156370,0,5,5
Q156374,9,4,13
Q156377,0,6,6
Q156385,2,3,5
Q156401,26,0,26
Q156459,7,4,11
Q156478,8,19,27
Q156519,57,0,57
Q156532,22,6,28
Q156552,26,9,35
Q156566,11,3,14
Q156586,0,5,5
Q156597,46,0,46
Q156598,18,7,25
Q156608,47,1,48
Q156623,9,3,12
Q156629,9,2,11
Q156635,17,9,26
Q156687,4,11,15
Q156725,18,1,19
Q156737,18,0,18
Q156796,19,10,29
Q156831,4,5,9
Q156835,3,6,9
Q156839,2,2,4
Q156843,7,11,18
Q156872,9,6,15
Q156901,7,6,13
Q156913,0,5,5
Q156935,0,6,6
Q156969,15,17,32
Q157041,12,4,16
Q157044,60,0,60
Q157070,9,4,13
Q157124,0,7,7
Q157148,4,1,5
Q157217,7,0,7
Q157256,19,1,20
Q157297,4,11,15
Q157352,7,0,7
Q157353,17,5,22
Q157367,9,12,21
Q157376,6,3,9
Q157394,4,273,277
Q157443,3,407,410
Q157508,10,6,16
Q157575,15,2,17
Q157650,4,7,11
Q157658,0,18,18
Q157663,18,7,25
Q157749,0,19,19
Q157755,6,7,13
Q157756,16,5,21
Q157763,15,5,20
Q157803,9,2,11
Q157808,26,2,28
Q157819,14,10,24
Q157879,54,0,54
Q157922,6,6,12
Q157957,0,17,17
Q157969,8,8,16
Q157980,4,5,9
Q158008,30,8,38
Q158015,20,9,29
Q158023,44,0,44
Q158112,2,5,7
Q158121,5,0,5
Q158136,13,5,18
Q158175,29,1,30
Q158214,11,1,12
Q158233,15,2,17
Q158250,35,7,42
Q158266,6,2,8
Q158289,16,11,27
Q158348,49,0,49
Q158383,17,8,25
Q158398,24,0,24
Q158474,31,0,31
Q158657,0,5,5
Q158695,8,16,24
Q158711,22,12,34
Q158722,0,5,5
Q158745,13,1,14
Q158753,0,3,3
Q158759,34,0,34
Q158852,9,109,118
Q158861,28,1,29
Q158867,8,1,9
Q158886,5,5,10
Q158957,28,3,31
Q159002,10,5,15
Q159054,47,0,47
Q159063,79,0,79
Q159094,8,6,14
Q159115,5,5,10
Q159166,18,1,19
Q159181,5,10,15
Q159191,9,9,18
Q159232,8,7,15
Q159260,11,4,15
Q159288,8,22,30
Q159294,2,6,8
Q159334,1,4,5
Q159347,19,3,22
Q159354,4,4,8
Q159438,10,5,15
Q159464,2,5,7
Q159577,21,5,26
Q159631,2,5,7
Q159638,38,0,38
Q159659,3,7,10
Q159661,5,31,36
Q159702,7,6,13
Q159729,5,3,8
Q159736,12,11,23
Q159753,7,10,17
Q159770,4,6,10
Q159778,27,18,45
Q159821,3,55,58
Q159846,14,292,306
Q159870,36,0,36
Q159884,0,5,5
Q159893,5,1,6
Q159936,5,0,5
Q159998,8,2,10
Q160009,45,8,53
Q160060,68,3,71
Q160071,37,3,40
Q160082,9,15,24
Q160112,6,0,6
Q160114,14,7,21
Q160215,47,1,48
Q160236,11,2,13
Q160284,0,6,6
Q160302,22,13,35
Q160307,3,2,5
Q160392,10,7,17
Q160432,24,24,48
Q160493,11,2,13
Q160528,38,10,48
Q160534,21,3,24
Q160560,38,1,39
Q160575,4,9,13
Q160618,59,1,60
Q160642,13,5,18
Q160678,2,5,7
Q160726,42,26,68
Q160774,0,5,5
Q160793,28,0,28
Q160813,5,13,18
Q160826,21,0,21
Q160894,16,5,21
Q161034,5,0,5
Q161036,22,5,27
Q161087,60,1,61
Q161093,10,17,27
Q161098,13,12,25
Q161117,13,8,21
Q161159,16,8,24
Q161243,0,11,11
Q161337,5,2,7
Q161345,5,2,7
Q161372,4,7,11
Q161376,8,0,8
Q161400,35,1,36
Q161426,18,22,40
Q161491,9,12,21
Q161508,3,5,8
Q161549,10,7,17
Q161562,18,11,29
Q161565,6,12,18
Q161652,6,15,21
Q161677,21,5,26
Q161726,1,6,7
Q161733,5,5,10
Q161819,44,12,56
Q161877,27,3,30
Q161885,29,66,95
Q161916,22,28,50
Q162093,5,11,16
Q162182,47,1,48
Q162255,45,3,48
Q162277,47,1,48
Q162371,16,5,21
Q162389,31,5,36
Q162442,14,1,15
Q162475,12,6,18
Q162486,5,7,12
Q162492,34,19,53
Q162518,59,0,59
Q162554,11,6,17
Q162555,4,18,22
Q162578,16,6,22
Q162586,8,2,10
Q162621,18,6,24
Q162629,18,3,21
Q162633,0,5,5
Q162656,3,75,78
Q162667,53,3,56
Q162672,34,0,34
Q162729,58,1,59
Q162774,5,8,13
Q162791,17,8,25
Q162932,4,1,5
Q162954,6,3,9
Q162959,20,6,26
Q162990,5,2,7
Q163038,33,3,36
Q163076,13,6,19
Q163132,16,9,25
Q163209,3,5,8
Q163239,10,6,16
Q163249,25,10,35
Q163262,4,5,9
Q163263,20,4,24
Q163286,19,10,29
Q163366,23,2,25
Q163374,6,5,11
Q163480,6,1,7
Q163534,11,1,12
Q163547,7,3,10
Q163569,9,8,17
Q163578,3,5,8
Q163584,9,2,11
Q163700,7,17,24
Q163727,17,17,34
Q163740,6,50,56
Q163749,6,3,9
Q163759,9,4,13
Q163798,6,0,6
Q163829,2,41,43
Q163872,77,4,81
Q163934,2,8,10
Q164043,6,5,11
Q164079,16,8,24
Q164089,23,1,24
Q164091,18,6,24
Q164103,58,4,62
Q164110,4,7,11
Q164117,25,5,30
Q164119,28,19,47
Q164134,16,1,17
Q164177,6,3,9
Q164181,10,12,22
Q164200,4,13,17
Q164204,0,5,5
Q164236,6,7,13
Q164256,9,0,9
Q164328,13,15,28
Q164380,11,3,14
Q164417,26,1,27
Q164421,8,8,16
Q164432,0,5,5
Q164444,4,53,57
Q164487,19,5,24
Q164562,0,5,5
Q164702,28,0,28
Q164723,25,1,26
Q164730,14,5,19
Q164782,20,13,33
Q164813,47,1,48
Q164963,60,3,63
Q164975,2,5,7
Q164983,4,9,13
Q165040,15,4,19
Q165091,2,11,13
Q165137,8,20,28
Q165141,14,0,14
Q165154,18,12,30
Q165191,10,18,28
Q165192,11,4,15
Q165219,45,25,70
Q165283,15,9,24
Q165296,15,5,20
Q165313,53,30,83
Q165325,47,1,48
Q165328,4,1,5
Q165357,18,2,20
Q165378,10,9,19
Q165392,51,1,52
Q165394,29,0,29
Q165399,12,0,12
Q165403,7,6,13
Q165421,23,6,29
Q165436,0,5,5
Q165467,28,2,30
Q165479,15,1,16
Q165518,32,21,53
Q165524,18,19,37
Q165529,5,1,6
Q165557,23,4,27
Q165627,37,0,37
Q165651,46,1,47
Q165666,6,2,8
Q165686,12,0,12
Q165699,37,0,37
Q165711,8,18,26
Q165713,51,1,52
Q165745,10,54,64
Q165817,73,1,74
Q165862,7,0,7
Q165911,27,10,37
Q165950,6,10,16
Q165972,3,11,14
Q165980,14,14,28
Q166000,0,5,5
Q166031,23,0,23
Q166105,5,0,5
Q166118,0,10,10
Q166121,7,14,21
Q166131,10,1,11
Q166159,33,4,37
Q166196,15,0,15
Q166197,0,2,2
Q166231,7,3,10
Q166262,62,2,64
Q166272,36,30,66
Q166280,0,6,6
Q166304,6,2,8
Q166389,37,20,57
Q166419,9,36,45
Q166462,38,1,39
Q166542,4,2,6
Q166546,6,21,27
Q166565,19,1,20
Q166714,26,0,26
Q166747,4,19,23
Q166755,13,0,13
Q166776,17,0,17
Q166788,4,1,5
Q166843,14,8,22
Q166887,13,13,26
Q166902,4,6,10
Q167037,8,12,20
Q167155,9,5,14
Q167214,6,1,7
Q167253,5,1,6
Q167270,7,8,15
Q167432,17,1,18
Q167437,50,0,50
Q167498,21,6,27
Q167520,47,26,73
Q167636,12,5,17
Q167656,6,1,7
Q167683,21,10,31
Q167696,32,3,35
Q167715,8,8,16
Q167733,14,7,21
Q167821,35,5,40
Q168000,15,7,22
Q168010,33,0,33
Q168360,11,0,11
Q168383,10,239,249
Q168397,11,0,11
Q168407,12,15,27
Q168504,4,1,5
Q168515,22,3,25
Q168651,11,0,11
Q168708,62,0,62
Q168721,27,14,41
Q168724,49,26,75
Q168740,20,0,20
Q168751,26,11,37
Q168756,31,41,72
Q168763,25,12,37
Q168778,4,3,7
Q168847,28,5,33
Q168862,39,0,39
Q168983,4,4,8
Q168992,26,5,31
Q169000,26,0,26
Q169132,6,8,14
Q169138,5,5,10
Q169165,5,1,6
Q169452,54,8,62
Q169470,4,33,37
Q169564,29,0,29
Q169566,28,8,36
Q169637,5,4,9
Q169661,5,2,7
Q169872,5,12,17
Q169889,9,54,63
Q169906,20,3,23
Q169923,15,3,18
Q169943,7,6,13
Q169946,23,5,28
Q169952,8,3,11
Q169963,16,8,24
Q169982,15,10,25
Q169985,3,2,5
Q169997,9,2,11
Q170018,4,3,7
Q170027,13,32,45
Q170035,29,2,31
Q170040,4,0,4
Q170072,20,13,33
Q170075,2,5,7
Q170082,11,6,17
Q170105,6,1,7
Q170115,7,2,9
Q170117,3,0,3
Q170134,6,0,6
Q170156,4,15,19
Q170174,19,16,35
Q170208,12,5,17
Q170238,4,27,31
Q170241,9,2,11
Q170250,46,0,46
Q170263,11,6,17
Q170314,3,9,12
Q170322,11,2,13
Q170327,7,0,7
Q170329,5,1,6
Q170373,31,0,31
Q170375,4,1,5
Q170377,10,4,14
Q170403,5,0,5
Q170416,14,6,20
Q170420,8,0,8
Q170424,7,187,194
Q170428,37,27,64
Q170433,8,4,12
Q170435,3,4,7
Q170447,4,1,5
Q170478,9,6,15
Q170479,12,0,12
Q170481,5,22,27
Q170497,11,2,13
Q170509,37,12,49
Q170510,45,27,72
Q170515,37,4,41
Q170530,26,13,39
Q170538,2,14,16
Q170539,10,7,17
Q170545,44,4,48
Q170558,5,1,6
Q170564,64,2,66
Q170566,9,1,10
Q170571,4,5,9
Q170572,35,24,59
Q170574,24,11,35
Q170576,32,10,42
Q170581,25,1,26
Q170584,0,5,5
Q170587,25,25,50
Q170606,20,8,28
Q170611,3,13,16
Q170612,7,1,8
Q170614,4,0,4
Q170645,5,21,26
Q170649,5,0,5
Q170703,17,0,17
Q170790,5,30,35
Q170826,8,14,22
Q170895,0,5,5
Q170972,3,0,3
Q171048,34,7,41
Q171091,29,7,36
Q171150,19,9,28
Q171224,9,5,14
Q171254,29,0,29
Q171300,50,2,52
Q171337,1,0,1
Q171363,43,19,62
Q171393,10,0,10
Q171401,3,13,16
Q171441,1,8,9
Q171453,59,4,63
Q171497,18,21,39
Q171571,22,5,27
Q171669,50,4,54
Q171736,31,28,59
Q171745,24,24,48
Q171758,22,5,27
Q171771,6,1,7
Q171861,67,1,68
Q171866,8,1,9
Q171905,42,21,63
Q172014,8,0,8
Q172020,12,0,12
Q172025,14,1,15
Q172035,22,12,34
Q172044,19,14,33
Q172107,24,13,37
Q172140,34,7,41
Q172157,15,7,22
Q172221,7,0,7
Q172241,51,1,52
Q172247,3,0,3
Q172261,27,23,50
Q172303,23,6,29
Q172339,5,1,6
Q172341,4,9,13
Q172430,8,0,8
Q172435,4,0,4
Q172438,10,1,11
Q172455,11,4,15
Q172476,5,2,7
Q172540,0,5,5
Q172544,28,0,28
Q172579,37,54,91
Q172640,13,3,16
Q172653,36,21,57
Q172678,26,34,60
Q172771,7,1,8
Q172803,5,0,5
Q172969,3,0,3
Q172975,53,1,54
Q172980,3,47,50
Q173009,6,0,6
Q173061,34,1,35
Q173158,44,24,68
Q173332,10,5,15
Q173395,19,2,21
Q173399,26,8,34
Q173417,0,5,5
Q173453,7,5,12
Q173491,13,3,16
Q173496,6,3,9
Q173500,13,4,17
Q173585,32,14,46
Q173637,27,3,30
Q173670,121,2,123
Q173799,4,19,23
Q173804,53,0,53
Q173813,9,6,15
Q173941,8,13,21
Q173950,2,0,2
Q173998,0,5,5
Q174009,0,5,5
Q174091,9,2,11
Q174158,8,4,12
Q174193,31,148,179
Q174224,11,3,14
Q174263,9,6,15
Q174284,56,1,57
Q174291,10,0,10
Q174306,14,2,16
Q174311,30,11,41
Q174346,17,10,27
Q174371,32,0,32
Q174385,52,1,53
Q174389,4,47,51
Q174423,4,0,4
Q174526,3,16,19
Q174555,21,3,24
Q174570,19,9,28
Q174648,14,0,14
Q174699,46,0,46
Q174710,34,129,163
Q174769,8,1,9
Q174811,30,1,31
Q174817,16,4,20
Q174843,37,19,56
Q174844,2,33,35
Q174908,26,15,41
Q174957,27,1,28
Q175078,23,4,27
Q175104,27,4,31
Q175111,4,3,7
Q175142,22,3,25
Q175195,61,13,74
Q175235,30,7,37
Q175278,38,1,39
Q175284,0,7,7
Q175309,11,0,11
Q175315,6,5,11
Q175535,32,30,62
Q175687,4,0,4
Q176028,8,6,14
Q176126,21,12,33
Q176277,10,8,18
Q176323,19,9,28
Q176324,7,8,15
Q176370,25,0,25
Q176371,5,0,5
Q176410,6,5,11
Q176455,24,9,33
Q176495,13,10,23
Q176826,36,0,36
Q176883,5,50,55
Q176945,10,9,19
Q177220,9,997,1006
Q177275,5,0,5
Q177311,23,11,34
Q177374,34,1,35
Q177413,14,10,24
Q177439,0,5,5
Q177634,1,4,5
Q177773,7,7,14
Q177922,32,0,32
Q177930,50,0,50
Q177932,12,15,27
Q177984,20,7,27
Q178010,17,5,22
Q178093,7,2,9
Q178095,19,9,28
Q178112,24,0,24
Q178115,13,12,25
Q178134,10,1,11
Q178145,3,2,5
Q178166,23,9,32
Q178169,12,16,28
Q178180,3,0,3
Q178194,13,1,14
Q178197,10,1,11
Q178283,14,5,19
Q178348,23,12,35
Q178416,11,7,18
Q178430,5,2,7
Q178450,101,2,103
Q178473,3,8,11
Q178517,33,0,33
Q178549,31,4,35
Q178552,25,16,41
Q178561,1,9,10
Q178598,2,1,3
Q178626,10,5,15
Q178651,1,1,2
Q178678,3,5,8
Q178698,42,2,44
Q178790,6,5,11
Q178812,0,1,1
Q178824,10,2,12
Q178837,8,5,13
Q178848,27,8,35
Q178882,30,7,37
Q178903,34,8,42
Q178966,32,0,32
Q178975,6,1,7
Q179012,3,0,3
Q179018,48,0,48
Q179023,1,4,5
Q179029,8,1,9
Q179036,10,11,21
Q179041,24,7,31
Q179051,36,7,43
Q179075,4,0,4
Q179157,16,2,18
Q179164,3,53,56
Q179191,4,184,188
Q179200,12,126,138
Q179215,43,0,43
Q179224,10,2,12
Q179250,10,5,15
Q179257,23,2,25
Q179269,24,5,29
Q179275,3,7,10
Q179310,5,8,13
Q179325,11,2,13
Q179351,14,21,35
Q179385,16,4,20
Q179406,6,0,6
Q179414,12,7,19
Q179424,9,3,12
Q179437,13,2,15
Q179460,29,0,29
Q179461,2,3,5
Q179497,49,43,92
Q179503,29,1,30
Q179555,7,6,13
Q179631,24,1,25
Q179645,14,9,23
Q179657,9,13,22
Q179673,52,3,55
Q179687,4,0,4
Q179805,3,14,17
Q179808,4,56,60
Q179815,8,3,11
Q179840,6,0,6
Q179872,5,22,27
Q179876,22,62,84
Q179894,6,0,6
Q179975,4,6,10
Q179997,1,7,8
Q180004,29,3,32
Q180057,15,2,17
Q180098,53,2,55
Q180187,7,0,7
Q180214,38,3,41
Q180224,66,8,74
Q180228,37,3,40
Q180231,12,2,14
Q180252,17,3,20
Q180268,5,39,44
Q180272,29,10,39
Q180279,31,0,31
Q180305,5,2,7
Q180337,37,0,37
Q180338,45,23,68
Q180341,10,0,10
Q180374,32,1,33
Q180377,19,3,22
Q180393,13,7,20
Q180395,28,0,28
Q180420,3,0,3
Q180453,99,7,106
Q180560,28,34,62
Q180563,5,5,10
Q180573,14,3,17
Q180614,7,8,15
Q180615,3,13,16
Q180619,37,1,38
Q180645,12,0,12
Q180665,29,10,39
Q180673,1,48,49
Q180675,6,1,7
Q180684,0,6,6
Q180692,4,1,5
Q180704,0,5,5
Q180727,37,3,40
Q180729,0,5,5
Q180733,10,0,10
Q180744,5,0,5
Q180762,9,4,13
Q180774,2,4,6
Q180788,5,0,5
Q180800,3,0,3
Q180803,8,2,10
Q180813,5,1,6
Q180816,1,16,17
Q180845,13,0,13
Q180850,25,3,28
Q180852,18,8,26
Q180856,4,4,8
Q180857,6,5,11
Q180861,34,0,34
Q180865,24,18,42
Q180919,22,3,25
Q180942,22,13,35
Q180950,8,2,10
Q180958,5,12,17
Q180962,63,8,71
Q180975,39,3,42
Q181001,3,3,6
Q181003,81,2,83
Q181010,4,10,14
Q181015,7,2,9
Q181069,48,2,50
Q181086,46,0,46
Q181095,10,22,32
Q181114,6,2,8
Q181136,6,2,8
Q181138,4,0,4
Q181140,14,6,20
Q181185,8,1,9
Q181216,5,0,5
Q181229,17,5,22
Q181247,5,6,11
Q181257,3,32,35
Q181322,0,5,5
Q181410,5,5,10
Q181413,11,19,30
Q181425,16,5,21
Q181461,7,3,10
Q181490,22,6,28
Q181508,1,15,16
Q181533,1,3,4
Q181540,57,1,58
Q181555,40,1,41
Q181557,9,2,11
Q181634,4,7,11
Q181659,99,27,126
Q181677,44,15,59
Q181678,31,6,37
Q181683,28,2,30
Q181754,10,90,100
Q181765,6,1,7
Q181774,25,7,32
Q181776,35,0,35
Q181784,1,4,5
Q181787,1,10,11
Q181795,52,3,55
Q181799,20,15,35
Q181803,53,0,53
Q181819,22,4,26
Q181861,6,5,11
Q181862,6,4,10
Q181882,7,5,12
Q181883,55,75,130
Q181887,20,6,26
Q181899,26,6,32
Q181900,40,26,66
Q181903,8,1,9
Q181907,2,5,7
Q181912,6,0,6
Q181917,24,9,33
Q181923,6,0,6
Q181930,9,0,9
Q181936,20,11,31
Q181962,15,5,20
Q181995,23,5,28
Q182000,2,6,8
Q182010,2,0,2
Q182015,4,44,48
Q182059,9,0,9
Q182104,27,7,34
Q182153,25,3,28
Q182154,1,36,37
Q182212,52,2,54
Q182218,67,1,68
Q182223,32,4,36
Q182254,35,0,35
Q182372,17,6,23
Q182373,41,0,41
Q182408,28,6,34
Q182415,2,12,14
Q182431,20,7,27
Q182436,3,11,14
Q182450,30,12,42
Q182455,0,4,4
Q182500,3,17,20
Q182538,3,0,3
Q182580,23,4,27
Q182589,27,4,31
Q182591,9,4,13
Q182625,11,7,18
Q182637,0,5,5
Q182655,32,2,34
Q182659,8,4,12
Q182665,41,1,42
Q182688,3,6,9
Q182692,52,4,56
Q182725,30,2,32
Q182727,40,0,40
Q182743,8,5,13
Q182763,36,16,52
Q182814,5,17,22
Q182865,7,25,32
Q182870,23,9,32
Q182876,3,2,5
Q182881,6,19,25
Q182890,8,1,9
Q182923,6,1,7
Q182930,4,0,4
Q182931,7,6,13
Q182933,2,8,10
Q182944,63,2,65
Q182950,15,9,24
Q182973,27,20,47
Q183032,10,3,13
Q183039,0,5,5
Q183048,16,11,27
Q183063,38,4,42
Q183066,52,2,54
Q183081,60,2,62
Q183092,21,4,25
Q183102,6,4,10
Q183134,10,12,22
Q183141,27,17,44
Q183167,51,9,60
Q183178,13,13,26
Q183206,1,10,11
Q183239,63,2,65
Q183257,3,3,6
Q183263,12,4,16
Q183290,108,2,110
Q183308,3,0,3
Q183314,7,4,11
Q183326,3,0,3
Q183337,37,2,39
Q183344,4,3,7
Q183347,16,3,19
Q183366,1,4,5
Q183387,8,175,183
Q183412,18,60,78
Q183416,10,7,17
Q183425,3,8,11
Q183468,3,0,3
Q183492,87,4,91
Q183497,2,6,8
Q183498,0,6,6
Q183504,6,27,33
Q183513,41,4,45
Q183528,16,1,17
Q183532,44,7,51
Q183539,7,5,12
Q183542,15,4,19
Q183544,13,4,17
Q183551,8,3,11
Q183555,54,0,54
Q183674,5,6,11
Q183816,10,7,17
Q183862,5,4,9
Q183945,4,337,341
Q183976,1,2,3
Q184090,0,6,6
Q184103,28,14,42
Q184116,6,11,17
Q184163,13,4,17
Q184172,8,8,16
Q184217,12,11,23
Q184219,24,8,32
Q184226,38,0,38
Q184249,29,2,31
Q184378,19,3,22
Q184382,0,8,8
Q184386,11,11,22
Q184387,8,0,8
Q184407,5,0,5
Q184425,16,24,40
Q184445,7,6,13
Q184469,7,5,12
Q184478,18,24,42
Q184485,6,45,51
Q184558,7,29,36
Q184572,31,22,53
Q184587,12,10,22
Q184594,11,6,17
Q184599,12,3,15
Q184602,9,0,9
Q184612,24,0,24
Q184618,10,7,17
Q184644,8,18,26
Q184697,53,2,55
Q184760,8,4,12
Q184768,67,4,71
Q184775,9,5,14
Q184781,3,52,55
Q184785,18,1,19
Q184805,28,10,38
Q184843,52,2,54
Q184885,14,3,17
Q184903,18,17,35
Q185003,9,0,9
Q185051,32,21,53
Q185059,12,1,13
Q185071,46,1,47
Q185079,14,25,39
Q185122,18,7,25
Q185140,42,13,55
Q185147,22,0,22
Q185163,5,0,5
Q185165,47,5,52
Q185221,9,1,10
Q185246,14,4,18
Q185278,12,7,19
Q185298,8,1,9
Q185299,6,93,99
Q185343,37,1,38
Q185351,5,20,25
Q185458,6,2,8
Q185465,31,4,35
Q185490,37,0,37
Q185493,6,32,38
Q185554,15,6,21
Q185582,7,6,13
Q185591,4,1,5
Q185610,47,5,52
Q185654,0,5,5
Q185667,5,0,5
Q185724,35,25,60
Q185729,2,13,15
Q185832,30,5,35
Q185836,0,5,5
Q185851,6,2,8
Q185867,4,32,36
Q185888,60,2,62
Q185928,36,7,43
Q186012,8,1,9
Q186047,11,1,12
Q186068,12,0,12
Q186080,4,14,18
Q186093,17,2,19
Q186096,10,13,23
Q186125,7,14,21
Q186170,5,3,8
Q186190,4,0,4
Q186219,65,2,67
Q186222,4,0,4
Q186243,5,0,5
Q186252,3,0,3
Q186262,5,0,5
Q186268,3,0,3
Q186284,2,10,12
Q186285,8,4,12
Q186304,29,4,33
Q186320,25,11,36
Q186323,39,1,40
Q186327,30,5,35
Q186335,23,3,26
Q186341,41,0,41
Q186360,3,6,9
Q186424,5,21,26
Q186451,2,6,8
Q186472,6,54,60
Q186485,62,11,73
Q186504,32,0,32
Q186506,7,0,7
Q186521,107,4,111
Q186532,5,0,5
Q186545,2,5,7
Q186579,12,6,18
Q186587,44,1,45
Q186591,3,0,3
Q186606,15,1,16
Q186610,1,6,7
Q186652,26,6,32
Q186690,3,0,3
Q186702,9,4,13
Q186757,23,18,41
Q186785,5,1,6
Q186810,12,0,12
Q186889,4,5,9
Q186896,12,5,17
Q186914,3,0,3
Q186941,10,232,242
Q187019,75,5,80
Q187033,32,11,43
Q187038,27,6,33
Q187058,14,1,15
Q187153,3,5,8
Q187165,22,0,22
Q187189,3,2,5
Q187255,4,4,8
Q187266,26,4,30
Q187269,11,0,11
Q187278,34,2,36
Q187326,4,2,6
Q187364,39,26,65
Q187402,0,5,5
Q187462,16,2,18
Q187520,25,1,26
Q187528,3,1,4
Q187588,1,4,5
Q187726,29,1,30
Q187760,4,60,64
Q187805,9,6,15
Q187814,31,4,35
Q187832,37,3,40
Q187844,35,0,35
Q187851,2,6,8
Q187861,6,0,6
Q187916,2,3,5
Q187939,5,6,11
Q188000,54,1,55
Q188008,6,8,14
Q188017,121,4,125
Q188018,24,12,36
Q188035,22,0,22
Q188094,5,18,23
Q188096,8,1,9
Q188100,8,7,15
Q188111,27,0,27
Q188137,40,19,59
Q188143,4,0,4
Q188159,33,0,33
Q188176,30,12,42
Q188228,6,0,6
Q188235,17,0,17
Q188238,0,7,7
Q188273,8,2,10
Q188277,4,1,5
Q188280,21,5,26
Q188304,8,6,14
Q188313,8,4,12
Q188353,9,0,9
Q188370,13,2,15
Q188375,23,19,42
Q188376,6,2,8
Q188384,39,0,39
Q188385,27,0,27
Q188401,25,3,28
Q188426,30,4,34
Q188430,4,0,4
Q188439,20,1,21
Q188450,2,16,18
Q188451,5,343,348
Q188459,30,3,33
Q188461,21,0,21
Q188464,22,3,25
Q188473,2,486,488
Q188474,25,3,28
Q188482,23,2,25
Q188492,34,13,47
Q188500,14,4,18
Q188509,5,6,11
Q188534,5,4,9
Q188539,7,8,15
Q188553,16,5,21
Q188568,4,0,4
Q188575,1,0,1
Q188586,19,4,23
Q188605,11,16,27
Q188626,10,5,15
Q188648,0,3,3
Q188652,41,3,44
Q188656,4,0,4
Q188668,23,1,24
Q188671,13,4,17
Q188705,7,4,11
Q188712,28,15,43
Q188713,17,11,28
Q188718,42,3,45
Q188724,1,0,1
Q188726,26,17,43
Q188740,10,0,10
Q188759,3,15,18
Q188760,15,5,20
Q188771,11,10,21
Q188772,26,21,47
Q188779,10,1,11
Q188782,3,0,3
Q188784,1,4,5
Q188791,5,0,5
Q188792,18,5,23
Q188800,0,6,6
Q188801,10,10,20
Q188822,10,67,77
Q188840,0,158,158
Q188845,47,2,49
Q188850,30,1,31
Q188874,6,25,31
Q188914,4,26,30
Q188920,12,1,13
Q188936,26,2,28
Q188953,5,2,7
Q188955,26,18,44
Q188966,1,7,8
Q188969,33,5,38
Q188980,15,1,16
Q188984,6,0,6
Q188987,27,10,37
Q188994,4,0,4
Q189004,10,30,40
Q189022,17,1,18
Q189045,4,5,9
Q189054,51,1,52
Q189062,2,10,12
Q189067,31,3,34
Q189068,32,0,32
Q189074,6,19,25
Q189078,20,2,22
Q189080,47,1,48
Q189081,28,2,30
Q189097,7,5,12
Q189133,4,0,4
Q189201,7,10,17
Q189226,26,11,37
Q189240,22,2,24
Q189266,15,16,31
Q189267,90,0,90
Q189288,12,5,17
Q189290,12,65,77
Q189330,74,4,78
Q189331,9,3,12
Q189350,27,2,29
Q189351,24,16,40
Q189382,14,9,23
Q189388,3,0,3
Q189393,0,5,5
Q189400,22,3,25
Q189407,18,2,20
Q189415,22,8,30
Q189471,8,3,11
Q189472,2,0,2
Q189490,58,19,77
Q189505,36,0,36
Q189526,29,8,37
Q189533,3,22,25
Q189547,11,4,15
Q189554,17,8,25
Q189557,8,4,12
Q189567,0,7,7
Q189571,9,12,21
Q189588,5,22,27
Q189592,10,4,14
Q189599,22,3,25
Q189600,44,1,45
Q189602,8,6,14
Q189603,2,1,3
Q189635,10,8,18
Q189643,4,5,9
Q189671,5,0,5
Q189694,21,8,29
Q189709,3,0,3
Q189710,5,4,9
Q189720,0,6,6
Q189729,35,3,38
Q189737,9,0,9
Q189758,30,6,36
Q189836,6,0,6
Q189875,27,0,27
Q189887,5,6,11
Q189889,60,1,61
Q189895,20,6,26
Q189917,3,0,3
Q189960,12,10,22
Q189966,4,11,15
Q189972,8,6,14
Q189991,13,6,19
Q190008,1,12,13
Q190019,2,5,7
Q190021,5,0,5
Q190029,0,6,6
Q190050,37,3,40
Q190076,23,2,25
Q190080,24,40,64
Q190086,44,1,45
Q190088,11,7,18
Q190094,27,3,30
Q190117,5,7,12
Q190135,43,1,44
Q190145,57,1,58
Q190152,0,4,4
Q190155,22,7,29
Q190162,23,10,33
Q190214,29,9,38
Q190220,39,3,42
Q190243,23,1,24
Q190251,34,0,34
Q190252,2,22,24
Q190353,10,5,15
Q190373,24,7,31
Q190379,45,4,49
Q190386,23,11,34
Q190441,7,1,8
Q190515,20,0,20
Q190519,22,8,30
Q190523,29,28,57
Q190525,43,1,44
Q190526,4,1,5
Q190545,0,6,6
Q190576,32,1,33
Q190585,10,66,76
Q190588,61,1,62
Q190602,25,13,38
Q190618,6,2,8
Q190631,33,5,38
Q190643,50,1,51
Q190684,13,1,14
Q190794,14,10,24
Q190805,11,6,17
Q190903,0,21,21
Q190908,37,2,39
Q190916,7,0,7
Q190928,9,5,14
Q190956,58,3,61
Q190972,26,6,32
Q190978,8,4,12
Q190994,23,18,41
Q190998,26,21,47
Q191000,5,0,5
Q191027,23,6,29
Q191037,30,9,39
Q191040,37,0,37
Q191064,28,8,36
Q191066,0,7,7
Q191074,53,0,53
Q191077,15,12,27
Q191084,18,16,34
Q191088,28,1,29
Q191089,4,12,16
Q191100,61,1,62
Q191101,3,0,3
Q191104,19,14,33
Q191132,21,26,47
Q191142,3,0,3
Q191163,0,5,5
Q191224,13,71,84
Q191264,4,0,4
Q191352,9,0,9
Q191384,7,186,193
Q191406,5,1,6
Q191472,9,13,22
Q191477,4,4,8
Q191489,9,20,29
Q191543,36,2,38
Q191551,3,0,3
Q191582,4,13,17
Q191583,11,17,28
Q191595,5,0,5
Q191633,3,4,7
Q191644,19,5,24
Q191684,3,0,3
Q191701,1,0,1
Q191715,16,34,50
Q191716,29,9,38
Q191719,26,9,35
Q191753,28,0,28
Q191755,26,2,28
Q191768,2,0,2
Q191796,1,0,1
Q191819,38,1,39
Q191828,40,14,54
Q191842,18,2,20
Q191843,5,2,7
Q191874,5,44,49
Q191966,32,10,42
Q192021,12,4,16
Q192052,14,5,19
Q192071,5,0,5
Q192073,40,1,41
Q192081,4,0,4
Q192083,6,1,7
Q192088,7,19,26
Q192102,3,2,5
Q192114,26,0,26
Q192115,46,2,48
Q192142,36,1,37
Q192149,5,0,5
Q192165,33,18,51
Q192183,17,0,17
Q192212,26,0,26
Q192217,22,17,39
Q192229,13,2,15
Q192240,12,7,19
Q192260,19,0,19
Q192314,13,3,16
Q192334,28,13,41
Q192353,14,1,15
Q192402,24,3,27
Q192410,63,11,74
Q192431,2,2,4
Q192474,31,4,35
Q192486,7,1,8
Q192506,30,0,30
Q192515,31,0,31
Q192517,9,8,17
Q192557,13,78,91
Q192581,0,5,5
Q192597,5,3,8
Q192611,4,16,20
Q192626,12,2,14
Q192628,5,0,5
Q192641,3,0,3
Q192643,15,10,25
Q192668,35,5,40
Q192682,25,13,38
Q192686,49,0,49
Q192691,0,22,22
Q192724,76,1,77
Q192725,9,11,20
Q192751,4,2,6
Q192761,13,1,14
Q192762,21,13,34
Q192775,19,7,26
Q192781,7,1,8
Q192786,3,0,3
Q192812,13,9,22
Q192828,5,0,5
Q192837,44,0,44
Q192873,4,4,8
Q192881,6,11,17
Q192887,0,5,5
Q192890,7,0,7
Q192896,11,3,14
Q192912,32,14,46
Q192934,44,0,44
Q192936,21,0,21
Q192959,0,4,4
Q192979,36,0,36
Q192990,26,13,39
Q193020,24,4,28
Q193023,6,96,102
Q193048,33,19,52
Q193066,27,1,28
Q193070,16,12,28
Q193102,15,5,20
Q193105,20,15,35
Q193146,32,7,39
Q193166,38,3,41
Q193196,19,16,35
Q193207,5,21,26
Q193212,13,15,28
Q193250,6,1,7
Q193272,5,30,35
Q193300,25,2,27
Q193326,15,1,16
Q193338,26,20,46
Q193355,5,55,60
Q193368,0,5,5
Q193377,4,0,4
Q193390,4,2,6
Q193391,7,33,40
Q193397,15,1,16
Q193430,0,5,5
Q193431,1,4,5
Q193458,18,5,23
Q193459,18,0,18
Q193481,6,0,6
Q193482,22,5,27
Q193504,24,9,33
Q193510,19,1,20
Q193517,21,8,29
Q193555,21,14,35
Q193559,9,2,11
Q193570,53,0,53
Q193577,35,1,36
Q193582,2,1,3
Q193592,3,24,27
Q193606,5,15,20
Q193619,19,5,24
Q193622,0,35,35
Q193628,33,23,56
Q193638,0,6,6
Q193643,5,0,5
Q193645,78,11,89
Q193648,15,14,29
Q193653,21,6,27
Q193654,5,0,5
Q193659,26,8,34
Q193666,7,4,11
Q193668,26,17,43
Q193676,27,11,38
Q193695,35,0,35
Q193710,24,1,25
Q193714,16,7,23
Q193727,28,14,42
Q193740,0,46,46
Q193744,29,1,30
Q193749,4,0,4
Q193753,4,0,4
Q193798,6,5,11
Q193815,22,11,33
Q193835,39,1,40
Q193942,11,1,12
Q193979,8,2,10
Q193982,44,7,51
Q194045,22,3,25
Q194116,7,0,7
Q194121,7,0,7
Q194126,5,0,5
Q194166,0,12,12
Q194220,30,0,30
Q194223,4,1,5
Q194253,14,9,23
Q194258,4,11,15
Q194266,11,5,16
Q194280,29,5,34
Q194285,5,12,17
Q194287,27,0,27
Q194318,15,7,22
Q194333,39,3,42
Q194369,5,0,5
Q194387,8,0,8
Q194393,8,0,8
Q194413,80,0,80
Q194419,25,7,32
Q194420,4,13,17
Q194427,26,1,27
Q194445,7,2,9
Q194540,9,10,19
Q194944,2,2,4
Q195041,8,1,9
Q195396,8,5,13
Q195664,12,6,18
Q195668,12,3,15
Q195719,1,8,9
Q195949,40,1,41
Q196004,43,0,43
Q196014,5,5,10
Q196544,4,4,8
Q196560,23,8,31
Q196600,1,12,13
Q196602,23,3,26
Q196615,4,0,4
Q196665,34,1,35
Q197297,5,6,11
Q197697,21,0,21
Q198028,18,1,19
Q198032,7,0,7
Q198638,12,6,18
Q198684,10,6,16
Q199369,17,2,19
Q199418,19,2,21
Q199528,6,2,8
Q199602,6,0,6
Q199655,8,1,9
Q199797,15,7,22
Q199804,6,9,15
Q199853,47,3,50
Q199884,18,11,29
Q199906,2,5,7
Q199927,15,9,24
Q199929,17,4,21
Q199931,29,7,36
Q199945,22,7,29
Q200028,6,0,6
Q200092,6,151,157
Q200123,5,0,5
Q200130,0,5,5
Q200166,10,2,12
Q200229,3,0,3
Q200250,2,42,44
Q200299,51,1,52
Q200321,3,1,4
Q200355,19,4,23
Q200396,42,2,44
Q200405,37,24,61
Q200464,19,24,43
Q200491,10,3,13
Q200534,29,18,47
Q200569,22,4,26
Q200572,38,0,38
Q200586,28,1,29
Q200672,33,0,33
Q200768,20,19,39
Q200827,36,0,36
Q200841,11,5,16
Q200873,40,0,40
Q200942,8,2,10
Q201006,4,0,4
Q201034,19,2,21
Q201052,8,0,8
Q201054,11,7,18
Q201149,10,6,16
Q201215,54,2,56
Q201279,30,24,54
Q201293,36,2,38
Q201330,3,12,15
Q201379,31,4,35
Q201418,17,7,24
Q201492,25,15,40
Q201516,4,8,12
Q201538,29,2,31
Q201562,29,1,30
Q201584,3,1,4
Q201603,21,3,24
Q201607,12,1,13
Q201608,32,1,33
Q201641,21,7,28
Q201656,26,4,30
Q201658,4,111,115
Q201674,46,4,50
Q201676,12,10,22
Q201687,45,0,45
Q201735,7,2,9
Q201788,4,39,43
Q201812,15,3,18
Q201819,27,0,27
Q201842,17,7,24
Q201857,4,0,4
Q201864,4,2,6
Q201885,24,0,24
Q201924,69,1,70
Q201927,26,4,30
Q201959,8,1,9
Q201965,2,2,4
Q201970,15,5,20
Q201994,12,7,19
Q202027,7,2,9
Q202028,53,1,54
Q202041,15,5,20
Q202051,3,24,27
Q202056,24,15,39
Q202059,10,10,20
Q202088,12,12,24
Q202093,5,2,7
Q202144,25,8,33
Q202148,32,12,44
Q202150,1,4,5
Q202172,29,5,34
Q202174,4,2,6
Q202211,72,2,74
Q202237,20,0,20
Q202246,19,0,19
Q202304,18,12,30
Q202314,25,6,31
Q202326,53,1,54
Q202381,25,11,36
Q202387,6,4,10
Q202391,4,0,4
Q202435,1,7,8
Q202440,8,111,119
Q202449,20,4,24
Q202475,19,6,25
Q202508,40,1,41
Q202548,33,2,35
Q202550,26,0,26
Q202585,21,70,91
Q202589,36,11,47
Q202628,8,2,10
Q202663,30,2,32
Q202686,4,16,20
Q202725,21,14,35
Q202729,27,2,29
Q202735,35,19,54
Q202741,15,2,17
Q202765,27,21,48
Q202792,14,7,21
Q202801,41,4,45
Q202836,7,6,13
Q202837,6,28,34
Q202859,27,5,32
Q202866,14,35,49
Q202930,4,4,8
Q202937,18,0,18
Q202945,8,7,15
Q202973,10,4,14
Q202982,26,0,26
Q203000,12,5,17
Q203008,5,0,5
Q203013,5,0,5
Q203059,10,40,50
Q203078,8,1,9
Q203092,3,0,3
Q203108,20,3,23
Q203184,2,1,3
Q203185,18,2,20
Q203197,9,0,9
Q203205,13,9,22
Q203215,32,22,54
Q203219,15,3,18
Q203223,23,2,25
Q203263,11,9,20
Q203268,16,6,22
Q203337,5,15,20
Q203349,8,2,10
Q203384,5,0,5
Q203385,13,0,13
Q203403,6,2,8
Q203493,20,8,28
Q203535,7,3,10
Q203545,27,19,46
Q203573,3,0,3
Q203574,46,0,46
Q203720,3,9,12
Q203736,12,12,24
Q203764,3,8,11
Q203775,2,11,13
Q203804,28,8,36
Q203819,21,4,25
Q203840,22,7,29
Q203871,41,4,45
Q203889,6,4,10
Q203960,32,20,52
Q203976,4,0,4
Q203995,9,1,10
Q204019,37,2,39
Q204057,49,1,50
Q204181,20,0,20
Q204191,44,0,44
Q204212,38,2,40
Q204220,5,1,6
Q204299,29,25,54
Q204303,10,4,14
Q204323,23,1,24
Q204357,8,5,13
Q204374,43,1,44
Q204398,46,0,46
Q204474,11,1,12
Q204561,9,8,17
Q204586,19,9,28
Q204590,18,12,30
Q204623,4,0,4
Q204627,7,0,7
Q204670,17,0,17
Q204672,17,5,22
Q204685,30,25,55
Q204686,2,22,24
Q204716,4,0,4
Q204720,8,4,12
Q204725,34,1,35
Q204751,23,0,23
Q204854,2,81,83
Q204862,5,1,6
Q204920,16,5,21
Q204943,49,1,50
Q205001,15,3,18
Q205002,17,9,26
Q205028,68,1,69
Q205033,7,2,9
Q205049,4,23,27
Q205130,3,0,3
Q205314,22,6,28
Q205375,6,33,39
Q205380,3,12,15
Q205435,16,8,24
Q205447,53,0,53
Q205474,15,0,15
Q205532,38,0,38
Q205560,5,5,10
Q205679,7,7,14
Q205683,15,10,25
Q205685,5,0,5
Q205707,35,16,51
Q205721,64,6,70
Q205739,25,3,28
Q205817,10,8,18
Q205842,4,1,5
Q205868,9,9,18
Q205895,0,5,5
Q205905,8,2,10
Q205973,5,1,6
Q205995,7,15,22
Q205998,3,1,4
Q206112,83,11,94
Q206124,38,2,40
Q206159,6,51,57
Q206201,4,5,9
Q206272,11,6,17
Q206297,6,0,6
Q206312,3,0,3
Q206336,23,0,23
Q206343,4,0,4
Q206350,3,0,3
Q206357,3,1,4
Q206364,18,3,21
Q206374,30,1,31
Q206381,5,1,6
Q206388,56,0,56
Q206439,36,3,39
Q206497,32,0,32
Q206576,59,1,60
Q206585,6,1,7
Q206615,0,11,11
Q206659,19,22,41
Q206702,8,4,12
Q206833,9,7,16
Q206856,49,10,59
Q206886,40,0,40
Q206890,13,8,21
Q206901,6,7,13
Q206921,13,6,19
Q206922,17,13,30
Q206939,24,7,31
Q206987,1,3,4
Q206988,12,4,16
Q207011,8,1,9
Q207020,2,14,16
Q207034,21,1,22
Q207123,0,5,5
Q207130,46,1,47
Q207176,7,1,8
Q207179,18,17,35
Q207191,29,2,31
Q207197,29,3,32
Q207201,0,5,5
Q207272,29,13,42
Q207293,2,0,2
Q207307,14,7,21
Q207318,8,19,27
Q207337,11,1,12
Q207373,4,0,4
Q207375,19,2,21
Q207378,1,7,8
Q207405,23,1,24
Q207441,7,0,7
Q207458,16,4,20
Q207460,0,6,6
Q207462,4,0,4
Q207472,11,1,12
Q207482,52,0,52
Q207501,3,0,3
Q207503,4,0,4
Q207506,19,14,33
Q207507,3,0,3
Q207515,23,3,26
Q207521,22,1,23
Q207536,43,2,45
Q207544,26,1,27
Q207588,48,2,50
Q207596,22,10,32
Q207598,18,3,21
Q207599,0,9,9
Q207601,0,27,27
Q207628,6,29,35
Q207639,12,2,14
Q207640,13,2,15
Q207642,9,5,14
Q207676,17,6,23
Q207679,5,3,8
Q207688,369,2,371
Q207691,2,4,6
Q207694,3,8,11
Q207698,49,0,49
Q207706,11,6,17
Q207735,6,2,8
Q207736,8,0,8
Q207739,16,2,18
Q207746,13,0,13
Q207773,30,9,39
Q207784,12,8,20
Q207803,25,1,26
Q207816,47,2,49
Q207821,7,0,7
Q207826,2,16,18
Q207848,6,17,23
Q207852,24,10,34
Q207873,17,6,23
Q207916,52,1,53
Q207921,48,2,50
Q207922,12,1,13
Q207947,32,0,32
Q207954,39,1,40
Q207969,15,10,25
Q207980,3,0,3
Q208026,24,11,35
Q208045,5,5,10
Q208048,49,1,50
Q208072,15,1,16
Q208101,27,1,28
Q208108,55,1,56
Q208131,26,0,26
Q208139,6,2,8
Q208143,8,4,12
Q208152,8,5,13
Q208167,1,3,4
Q208175,6,7,13
Q208193,4,0,4
Q208204,39,0,39
Q208205,20,1,21
Q208209,6,0,6
Q208214,19,8,27
Q208217,0,6,6
Q208228,6,0,6
Q208239,4,1,5
Q208257,10,1,11
Q208260,5,5,10
Q208262,8,1,9
Q208263,45,2,47
Q208266,48,2,50
Q208269,36,0,36
Q208279,0,5,5
Q208320,11,1,12
Q208344,64,1,65
Q208374,13,4,17
Q208399,3,1,4
Q208408,22,4,26
Q208414,7,15,22
Q208421,4,2,6
Q208445,8,5,13
Q208447,7,7,14
Q208459,11,9,20
Q208484,3,2,5
Q208494,7,9,16
Q208500,0,6,6
Q208505,1,9,10
Q208507,8,0,8
Q208511,1,23,24
Q208552,4,0,4
Q208558,16,10,26
Q208568,40,2,42
Q208572,27,1,28
Q208582,21,2,23
Q208590,43,12,55
Q208592,51,2,53
Q208623,16,0,16
Q208632,31,2,33
Q208635,6,1,7
Q208649,20,29,49
Q208652,6,0,6
Q208667,17,16,33
Q208681,36,13,49
Q208685,18,8,26
Q208696,57,8,65
Q208746,13,7,20
Q208767,20,15,35
Q208881,21,0,21
Q208909,11,25,36
Q208948,3,2,5
Q209055,8,4,12
Q209065,16,6,22
Q209084,10,5,15
Q209094,10,5,15
Q209096,7,4,11
Q209126,7,1,8
Q209137,6,2,8
Q209142,5,5,10
Q209170,51,1,52
Q209175,19,8,27
Q209186,25,9,34
Q209282,16,0,16
Q209338,8,4,12
Q209344,12,4,16
Q209459,37,35,72
Q209465,2,14,16
Q209471,28,4,32
Q209481,35,0,35
Q209502,0,6,6
Q209509,4,0,4
Q209538,71,0,71
Q209636,6,0,6
Q209641,29,7,36
Q209662,32,4,36
Q209667,33,1,34
Q209685,343,2,345
Q209690,5,29,34
Q209727,388,2,390
Q209842,9,24,33
Q209857,15,6,21
Q209860,1,6,7
Q209878,35,0,35
Q209895,5,0,5
Q209896,6,9,15
Q209921,0,4,4
Q209956,37,9,46
Q209961,6,0,6
Q210059,77,15,92
Q210076,11,10,21
Q210094,10,5,15
Q210120,13,6,19
Q210146,12,1,13
Q210148,27,7,34
Q210167,2,59,61
Q210170,4,0,4
Q210172,27,2,29
Q210200,12,5,17
Q210241,4,1,5
Q210311,20,1,21
Q210327,9,5,14
Q210364,38,0,38
Q210392,2,0,2
Q210428,26,0,26
Q210435,0,5,5
Q210447,22,5,27
Q210453,22,0,22
Q210460,3,0,3
Q210462,17,6,23
Q210531,13,4,17
Q210563,0,6,6
Q210682,13,8,21
Q210741,26,11,37
Q210792,9,9,18
Q210812,36,0,36
Q210849,4,0,4
Q210864,3,0,3
Q210961,5,0,5
Q210985,12,3,15
Q211009,48,0,48
Q211028,2,0,2
Q211040,18,6,24
Q211082,11,6,17
Q211094,28,2,30
Q211136,22,0,22
Q211144,39,13,52
Q211177,5,0,5
Q211236,4,8,12
Q211274,14,9,23
Q211280,19,9,28
Q211283,25,18,43
Q211322,40,24,64
Q211331,0,5,5
Q211346,6,4,10
Q211372,46,3,49
Q211373,38,3,41
Q211401,3,0,3
Q211414,7,8,15
Q211415,23,6,29
Q211429,41,2,43
Q211439,0,44,44
Q211526,11,0,11
Q211553,13,7,20
Q211566,17,3,20
Q211573,3,10,13
Q211620,5,19,24
Q211690,2,11,13
Q211692,2,6,8
Q211696,19,1,20
Q211723,4,4,8
Q211731,22,1,23
Q211753,3,0,3
Q211756,4,42,46
Q211770,8,7,15
Q211773,3,0,3
Q211778,9,1,10
Q211781,4,4,8
Q211784,41,0,41
Q211831,12,2,14
Q211867,6,0,6
Q211870,9,4,13
Q211872,4,4,8
Q211907,6,1,7
Q211912,5,1,6
Q211950,7,3,10
Q211965,14,1,15
Q211987,23,12,35
Q212002,19,3,22
Q212026,19,8,27
Q212041,46,1,47
Q212048,20,2,22
Q212064,25,13,38
Q212071,8,3,11
Q212089,18,0,18
Q212098,25,0,25
Q212123,36,1,37
Q212129,38,1,39
Q212135,18,0,18
Q212145,48,0,48
Q212156,75,5,80
Q212166,8,0,8
Q212167,30,6,36
Q212206,4,0,4
Q212235,9,1,10
Q212252,13,6,19
Q212269,3,1,4
Q212282,2,0,2
Q212289,4,0,4
Q212329,32,41,73
Q212405,14,1,15
Q212413,2,8,10
Q212416,13,7,20
Q212429,37,19,56
Q212434,1,50,51
Q212464,0,4,4
Q212483,1,8,9
Q212518,20,5,25
Q212531,11,1,12
Q212533,13,2,15
Q212545,26,4,30
Q212547,11,7,18
Q212564,13,0,13
Q212654,7,2,9
Q212688,3,2,5
Q212689,40,0,40
Q212699,11,48,59
Q212704,0,5,5
Q212708,4,1,5
Q212713,0,6,6
Q212762,46,5,51
Q212775,58,1,59
Q212790,15,12,27
Q212792,29,0,29
Q212804,35,0,35
Q212807,75,1,76
Q212826,10,2,12
Q212828,3,18,21
Q212862,5,1,6
Q212873,37,6,43
Q212886,21,7,28
Q212961,7,40,47
Q212965,43,1,44
Q212979,21,0,21
Q212980,4,10,14
Q212984,4,1,5
Q212990,17,1,18
Q212991,9,11,20
Q213051,2,4,6
Q213053,57,2,59
Q213081,94,1,95
Q213100,2,1,3
Q213121,4,8,12
Q213149,7,0,7
Q213180,9,3,12
Q213181,6,1,7
Q213205,13,9,22
Q213208,30,0,30
Q213287,18,2,20
Q213302,30,5,35
Q213325,4,0,4
Q213326,29,1,30
Q213353,9,9,18
Q213411,43,2,45
Q213417,5,10,15
Q213425,38,4,42
Q213430,23,10,33
Q213439,40,14,54
Q213465,11,7,18
Q213474,8,4,12
Q213512,50,18,68
Q213521,19,2,21
Q213538,35,0,35
Q213560,0,6,6
Q213567,15,9,24
Q213574,12,6,18
Q213581,20,0,20
Q213611,20,0,20
Q213647,23,0,23
Q213665,3,0,3
Q213699,6,1,7
Q213706,26,3,29
Q213710,8,14,22
Q213714,3,20,23
Q213787,58,1,59
Q213793,22,3,25
Q213814,8,5,13
Q213837,6,1,7
Q213864,18,7,25
Q213869,29,18,47
Q213887,33,0,33
Q213900,14,0,14
Q213907,0,8,8
Q213923,7,2,9
Q213959,4,3,7
Q214013,42,0,42
Q214014,40,2,42
Q214039,16,8,24
Q214051,13,7,20
Q214066,14,5,19
Q214102,5,3,8
Q214126,6,17,23
Q214151,6,0,6
Q214164,7,5,12
Q214223,20,13,33
Q214226,36,4,40
Q214289,32,7,39
Q214309,20,7,27
Q214339,1,10,11
Q214341,15,1,16
Q214346,11,14,25
Q214548,28,0,28
Q214582,20,1,21
Q214601,15,3,18
Q214609,2,5,7
Q214629,1,4,5
Q214642,42,2,44
Q214665,38,4,42
Q214677,33,14,47
Q214801,42,0,42
Q214867,10,0,10
Q214917,3,185,188
Q214940,14,0,14
Q214959,66,4,70
Q214990,12,0,12
Q214992,4,0,4
Q215017,17,11,28
Q215026,30,3,33
Q215072,25,15,40
Q215112,6,9,15
Q215120,22,2,24
Q215132,6,1,7
Q215182,36,4,40
Q215210,1,2,3
Q215215,66,3,69
Q215248,13,16,29
Q215258,24,0,24
Q215287,12,0,12
Q215300,31,0,31
Q215359,34,3,37
Q215366,14,5,19
Q215380,4,146,150
Q215443,9,5,14
Q215478,32,13,45
Q215481,17,0,17
Q215506,25,6,31
Q215518,55,2,57
Q215519,3,0,3
Q215523,10,3,13
Q215530,23,12,35
Q215536,9,5,14
Q215539,9,6,15
Q215546,38,4,42
Q215616,5,5,10
Q215627,0,9,9
Q215669,5,12,17
Q215721,24,3,27
Q215733,11,4,15
Q215752,7,1,8
Q215829,9,3,12
Q215849,14,6,20
Q215905,29,1,30
Q215976,29,16,45
Q216006,37,1,38
Q216032,3,0,3
Q216033,3,0,3
Q216048,3,15,18
Q216082,6,0,6
Q216108,8,4,12
Q216131,4,0,4
Q216153,27,7,34
Q216160,15,0,15
Q216173,0,5,5
Q216179,26,2,28
Q216184,2,3,5
Q216195,39,3,42
Q216221,34,22,56
Q216258,5,0,5
Q216273,11,5,16
Q216288,55,7,62
Q216337,2,1,3
Q216344,4,13,17
Q216364,10,93,103
Q216372,10,1,11
Q216458,7,21,28
Q216459,3,0,3
Q216510,4,0,4
Q216523,4,2,6
Q216563,0,6,6
Q216569,16,7,23
Q216608,22,1,23
Q216611,10,0,10
Q216638,8,2,10
Q216661,3,0,3
Q216720,56,0,56
Q216748,13,1,14
Q216773,5,0,5
Q216774,5,5,10
Q216793,13,4,17
Q216802,4,4,8
Q216820,8,5,13
Q216919,42,1,43
Q216930,34,15,49
Q216936,39,6,45
Q216961,5,4,9
Q216986,19,0,19
Q217004,14,8,22
Q217008,36,0,36
Q217010,36,0,36
Q217020,52,3,55
Q217037,18,25,43
Q217039,9,1,10
Q217110,27,11,38
Q217112,31,2,33
Q217137,15,13,28
Q217160,73,6,79
Q217182,40,0,40
Q217191,4,41,45
Q217196,12,6,18
Q217199,0,3,3
Q217220,48,2,50
Q217227,3,9,12
Q217232,29,0,29
Q217234,0,5,5
Q217263,11,2,13
Q217280,25,2,27
Q217298,22,5,27
Q217324,25,12,37
Q217346,8,7,15
Q217365,3,4,7
Q217427,31,1,32
Q217467,4,40,44
Q217552,48,0,48
Q217557,59,4,63
Q217573,17,14,31
Q217577,5,1,6
Q217583,15,4,19
Q217597,2,5,7
Q217619,47,3,50
Q217627,41,0,41
Q217679,15,1,16
Q217741,22,2,24
Q217776,9,0,9
Q217787,43,3,46
Q217831,8,1,9
Q218022,0,6,6
Q218023,9,0,9
Q218035,26,4,30
Q218038,8,6,14
Q218074,4,0,4
Q218083,19,2,21
Q218091,61,1,62
Q218122,17,5,22
Q218172,52,0,52
Q218210,19,5,24
Q218235,45,2,47
Q218255,22,2,24
Q218282,17,1,18
Q218372,4,0,4
Q218425,2,9,11
Q218503,23,22,45
Q218506,13,0,13
Q218532,21,7,28
Q218542,10,5,15
Q218567,23,2,25
Q218589,57,0,57
Q218616,0,5,5
Q218642,117,2,119
Q218678,2,15,17
Q218718,27,7,34
Q218800,21,8,29
Q218883,4,0,4
Q218894,57,1,58
Q218992,22,2,24
Q218999,48,2,50
Q219060,28,16,44
Q219070,3,6,9
Q219098,3,0,3
Q219112,1,4,5
Q219124,43,17,60
Q219135,6,23,29
Q219150,44,1,45
Q219233,5,0,5
Q219235,5,0,5
Q219241,5,2,7
Q219315,34,3,37
Q219373,21,14,35
Q219400,12,84,96
Q219402,21,4,25
Q219420,44,4,48
Q219421,24,2,26
Q219424,28,0,28
Q219507,16,9,25
Q219508,16,1,17
Q219512,21,10,31
Q219521,21,4,25
Q219526,6,2,8
Q219546,52,22,74
Q219557,1,5,6
Q219563,25,19,44
Q219577,4,16,20
Q219602,4,1,5
Q219625,8,4,12
Q219631,27,1,28
Q219635,9,21,30
Q219640,25,6,31
Q219653,15,5,20
Q219655,19,12,31
Q219656,13,10,23
Q219694,1,4,5
Q219714,5,2,7
Q219717,11,8,19
Q219772,23,0,23
Q219776,46,0,46
Q219780,17,3,20
Q219810,29,2,31
Q219854,3,0,3
Q220072,4,8,12
Q220098,4,0,4
Q220140,14,0,14
Q220144,12,0,12
Q220192,66,0,66
Q220308,37,21,58
Q220317,6,0,6
Q220331,1,4,5
Q220335,12,16,28
Q220376,34,0,34
Q220396,13,6,19
Q220423,37,0,37
Q220499,4,1,5
Q220505,0,5,5
Q220515,26,0,26
Q220536,16,7,23
Q220570,5,6,11
Q220584,19,9,28
Q220591,34,0,34
Q220621,10,0,10
Q220698,17,14,31
Q220713,40,0,40
Q220730,6,3,9
Q220735,40,1,41
Q220751,31,15,46
Q220780,47,0,47
Q220830,3,2,5
Q220834,11,8,19
Q220836,28,7,35
Q220883,39,11,50
Q220901,29,13,42
Q220918,18,6,24
Q220949,13,6,19
Q220955,38,0,38
Q220971,3,3,6
Q221048,28,0,28
Q221068,15,6,21
Q221075,33,0,33
Q221090,36,0,36
Q221103,25,3,28
Q221104,30,0,30
Q221109,30,0,30
Q221113,64,0,64
Q221150,8,1,9
Q221155,21,1,22
Q221168,58,0,58
Q221178,4,4,8
Q221236,42,0,42
Q221249,45,0,45
Q221341,21,0,21
Q221345,49,1,50
Q221384,56,1,57
Q221462,37,2,39
Q221464,22,3,25
Q221467,5,1,6
Q221468,20,0,20
Q221482,23,0,23
Q221491,50,2,52
Q221525,5,1,6
Q221530,5,2,7
Q221535,20,0,20
Q221586,45,0,45
Q221587,23,0,23
Q221594,56,0,56
Q221602,4,0,4
Q221626,5,4,9
Q221635,1,0,1
Q221645,13,1,14
Q221653,16,1,17
Q221668,9,3,12
Q221772,8,1,9
Q221820,41,0,41
Q221852,30,0,30
Q221878,4,1,5
Q221882,11,1,12
Q221927,3,2,5
Q221940,3,0,3
Q222008,26,6,32
Q222023,49,0,49
Q222041,35,2,37
Q222047,20,9,29
Q222052,2,6,8
Q222071,33,3,36
Q222344,7,207,214
Q222461,8,1,9
Q222595,8,1,9
Q222639,4,15,19
Q222695,3,1,4
Q222720,51,0,51
Q222738,11,4,15
Q222749,4,324,328
Q222800,49,2,51
Q222837,3,1,4
Q222867,35,2,37
Q222926,2,0,2
Q223033,19,7,26
Q223091,25,26,51
Q223102,11,2,13
Q223110,20,23,43
Q223117,24,18,42
Q223139,48,2,50
Q223161,23,1,24
Q223177,3,0,3
Q223193,11,5,16
Q223233,41,14,55
Q223243,4,1,5
Q223262,5,0,5
Q223270,1,7,8
Q223281,27,14,41
Q223299,41,2,43
Q223303,12,7,19
Q223313,3,9,12
Q223316,31,1,32
Q223336,4,1,5
Q223360,4,0,4
Q223367,146,2,148
Q223374,32,0,32
Q223393,4,26,30
Q223429,17,5,22
Q223507,4,0,4
Q223514,4,1,5
Q223522,4,0,4
Q223527,4,2,6
Q223559,46,1,47
Q223591,3,0,3
Q223642,0,6,6
Q223685,2,2,4
Q223687,31,19,50
Q223703,5,31,36
Q223727,6,0,6
Q223728,4,0,4
Q223740,4,51,55
Q223745,13,17,30
Q223748,4,0,4
Q223769,24,0,24
Q223770,1,4,5
Q223786,12,9,21
Q223790,16,8,24
Q223813,4,0,4
Q223830,16,16,32
Q223832,4,10,14
Q223875,23,5,28
Q223884,29,1,30
Q223887,46,0,46
Q223936,10,10,20
Q223977,94,3,97
Q223985,30,6,36
Q223988,25,10,35
Q223992,26,10,36
Q224004,24,0,24
Q224026,20,16,36
Q224069,47,1,48
Q224081,14,15,29
Q224117,17,0,17
Q224130,39,2,41
Q224159,25,22,47
Q224164,6,1,7
Q224187,30,0,30
Q224650,71,4,75
Q224700,3,22,25
Q224754,25,5,30
Q224989,3,5,8
Q225085,12,9,21
Q225509,15,10,25
Q225519,8,3,11
Q225654,8,0,8
Q225657,16,5,21
Q225916,27,0,27
Q225933,13,7,20
Q226730,4,7,11
Q227123,9,8,17
Q228186,69,4,73
Q228405,7,2,9
Q228585,24,0,24
Q228598,18,4,22
Q228638,17,7,24
Q228645,22,7,29
Q228650,22,6,28
Q228692,22,12,34
Q228717,29,9,38
Q228725,22,8,30
Q228733,30,5,35
Q228739,22,4,26
Q228747,21,10,31
Q228755,20,3,23
Q228766,18,5,23
Q228787,47,7,54
Q228789,14,8,22
Q228792,28,4,32
Q228852,23,20,43
Q228860,21,0,21
Q228862,12,6,18
Q228865,11,7,18
Q228871,11,11,22
Q228882,13,6,19
Q228893,13,6,19
Q228906,17,4,21
Q228909,30,5,35
Q228925,17,2,19
Q228928,18,5,23
Q228931,20,7,27
Q228943,15,6,21
Q229009,15,6,21
Q229011,15,9,24
Q229013,22,9,31
Q229018,32,1,33
Q229029,16,11,27
Q229034,15,5,20
Q229042,14,9,23
Q229048,30,7,37
Q229050,17,4,21
Q229056,26,5,31
Q229059,11,8,19
Q229108,10,5,15
Q229112,14,8,22
Q229134,20,12,32
Q229137,14,8,22
Q229166,18,5,23
Q229169,14,11,25
Q229176,18,4,22
Q229181,29,18,47
Q229197,15,5,20
Q229205,2,8,10
Q229211,14,2,16
Q229220,14,6,20
Q229228,24,6,30
Q229230,24,7,31
Q229234,19,5,24
Q229241,15,13,28
Q229249,15,6,21
Q229254,19,16,35
Q229258,21,7,28
Q229263,17,2,19
Q229266,16,6,22
Q229268,17,14,31
Q229271,32,14,46
Q229291,23,9,32
Q229305,43,15,58
Q229313,19,14,33
Q229319,15,4,19
Q229325,20,4,24
Q229347,19,0,19
Q229349,17,4,21
Q229364,22,3,25
Q229369,16,8,24
Q229375,39,3,42
Q229379,25,4,29
Q229389,18,2,20
Q229390,3,77,80
Q229394,13,6,19
Q229410,16,14,30
Q229411,16,6,22
Q229430,20,4,24
Q229440,14,2,16
Q229459,7,1,8
Q229477,16,6,22
Q229487,50,17,67
Q229498,24,1,25
Q229507,20,2,22
Q229535,18,17,35
Q229545,19,1,20
Q229560,14,6,20
Q229572,21,4,25
Q229577,13,3,16
Q229599,45,1,46
Q229603,53,0,53
Q229633,22,0,22
Q229669,18,5,23
Q229714,23,6,29
Q229735,0,5,5
Q229749,20,7,27
Q229766,15,6,21
Q229775,20,15,35
Q229784,20,14,34
Q229808,43,0,43
Q229914,9,3,12
Q229952,14,5,19
Q229957,22,9,31
Q229975,13,3,16
Q229979,11,6,17
Q229983,0,5,5
Q230004,19,10,29
Q230023,22,4,26
Q230035,13,6,19
Q230045,15,2,17
Q230109,11,7,18
Q230126,15,2,17
Q230131,34,14,48
Q230136,19,5,24
Q230151,32,10,42
Q230169,14,1,15
Q230184,23,5,28
Q230188,29,7,36
Q230190,19,9,28
Q230203,40,9,49
Q230214,0,5,5
Q230218,19,4,23
Q230262,3,5,8
Q230268,19,9,28
Q230278,17,15,32
Q230308,22,13,35
Q230320,14,6,20
Q230378,28,13,41
Q230383,11,12,23
Q230420,18,3,21
Q230448,28,13,41
Q230454,58,6,64
Q230484,34,0,34
Q230492,34,28,62
Q230510,9,9,18
Q230523,17,8,25
Q230534,19,7,26
Q230552,42,0,42
Q230563,13,6,19
Q230601,27,0,27
Q230605,13,5,18
Q230632,20,2,22
Q230636,19,8,27
Q230641,14,4,18
Q230665,15,2,17
Q230710,17,5,22
Q230736,18,5,23
Q230739,24,0,24
Q230779,10,4,14
Q230791,22,10,32
Q230796,4,1,5
Q230832,26,8,34
Q230841,19,5,24
Q230899,20,9,29
Q230993,19,6,25
Q231002,4,8,12
Q231004,16,4,20
Q231006,12,8,20
Q231128,15,7,22
Q231163,13,11,24
Q231182,21,1,22
Q231197,12,2,14
Q231203,14,13,27
Q231221,21,4,25
Q231249,15,9,24
Q231259,47,5,52
Q231286,34,2,36
Q231310,14,5,19
Q231382,15,13,28
Q231391,23,2,25
Q231401,16,5,21
Q231417,25,1,26
Q231438,15,7,22
Q231472,23,0,23
Q231584,13,5,18
Q231595,16,3,19
Q231614,11,6,17
Q231622,11,6,17
Q231648,14,3,17
Q231694,10,55,65
Q231739,10,5,15
Q231751,14,5,19
Q231765,9,3,12
Q231807,11,3,14
Q231811,27,8,35
Q231911,26,5,31
Q231942,43,2,45
Q231951,0,5,5
Q232000,42,1,43
Q232047,19,5,24
Q232052,23,2,25
Q232059,28,6,34
Q232072,24,7,31
Q232098,14,6,20
Q232101,13,1,14
Q232104,19,11,30
Q232109,20,2,22
Q232120,30,8,38
Q232163,15,5,20
Q232187,10,3,13
Q232214,37,0,37
Q232226,4,2,6
Q232282,21,6,27
Q232301,0,5,5
Q232304,15,5,20
Q232307,10,4,14
Q232333,20,4,24
Q232343,0,5,5
Q232414,11,5,16
Q232419,13,6,19
Q232451,8,2,10
Q232456,25,9,34
Q232477,11,4,15
Q232495,19,2,21
Q232511,12,7,19
Q232520,15,6,21
Q232538,27,3,30
Q232562,26,3,29
Q232571,10,6,16
Q232592,23,1,24
Q232641,10,3,13
Q232642,13,5,18
Q232674,9,7,16
Q232737,48,4,52
Q232774,67,0,67
Q232837,17,7,24
Q232851,17,6,23
Q232860,11,14,25
Q232863,19,2,21
Q232874,0,5,5
Q232889,7,8,15
Q232902,19,13,32
Q232910,10,3,13
Q232917,16,8,24
Q232927,14,6,20
Q232933,21,11,32
Q232941,19,3,22
Q232945,12,5,17
Q232959,16,7,23
Q232965,15,4,19
Q232968,9,5,14
Q232985,22,7,29
Q232990,16,1,17
Q233009,0,5,5
Q233022,10,5,15
Q233027,12,4,16
Q233038,11,5,16
Q233046,22,3,25
Q233054,14,8,22
Q233085,13,3,16
Q233129,9,9,18
Q233237,11,5,16
Q233253,25,3,28
Q233309,2,6,8
Q233313,17,10,27
Q233324,4,7,11
Q233347,12,8,20
Q233365,28,13,41
Q233368,12,8,20
Q233433,12,5,17
Q233457,18,5,23
Q233464,48,2,50
Q233466,14,9,23
Q233495,11,6,17
Q233502,11,13,24
Q233536,13,5,18
Q233546,13,4,17
Q233563,16,12,28
Q233593,11,6,17
Q233611,3,88,91
Q233619,14,3,17
Q233702,1,4,5
Q233739,15,3,18
Q233742,13,6,19
Q233748,19,2,21
Q233762,10,9,19
Q233786,16,11,27
Q233801,10,5,15
Q233817,26,2,28
Q233826,12,6,18
Q233852,23,1,24
Q233854,34,1,35
Q233862,20,4,24
Q233868,18,11,29
Q233873,16,8,24
Q233882,14,14,28
Q233892,9,1,10
Q233922,11,7,18
Q234030,20,5,25
Q234053,8,4,12
Q234061,11,1,12
Q234068,19,5,24
Q234080,13,11,24
Q234087,0,5,5
Q234120,13,5,18
Q234128,16,12,28
Q234131,15,7,22
Q234137,17,3,20
Q234141,14,12,26
Q234142,9,5,14
Q234144,22,10,32
Q234169,33,2,35
Q234178,9,1,10
Q234195,20,10,30
Q234204,12,7,19
Q234207,23,7,30
Q234212,26,7,33
Q234220,10,5,15
Q234277,4,1,5
Q234321,9,5,14
Q234344,8,5,13
Q234360,35,6,41
Q234388,0,8,8
Q234434,12,8,20
Q234438,10,5,15
Q234453,5,2,7
Q234471,15,10,25
Q234474,9,5,14
Q234514,13,5,18
Q234529,3,11,14
Q234544,22,6,28
Q234551,16,6,22
Q234564,11,3,14
Q234566,13,3,16
Q234591,27,0,27
Q234598,28,0,28
Q234610,28,6,34
Q234647,10,5,15
Q234679,29,11,40
Q234685,20,1,21
Q234691,27,1,28
Q234693,30,1,31
Q234695,21,3,24
Q234700,32,16,48
Q234715,10,3,13
Q234716,19,0,19
Q234778,17,5,22
Q234798,40,17,57
Q234807,0,4,4
Q234809,12,7,19
Q234819,0,4,4
Q234847,19,7,26
Q234883,13,3,16
Q234891,45,2,47
Q234928,37,7,44
Q234961,20,19,39
Q234983,8,6,14
Q235002,14,6,20
Q235020,21,10,31
Q235034,33,3,36
Q235066,37,2,39
Q235072,10,5,15
Q235077,28,21,49
Q235141,12,6,18
Q235155,3,5,8
Q235189,20,4,24
Q235198,14,7,21
Q235214,0,4,4
Q235216,15,0,15
Q235221,14,7,21
Q235252,19,0,19
Q235272,12,5,17
Q235289,19,0,19
Q235302,16,10,26
Q235305,17,8,25
Q235326,7,2,9
Q235328,22,4,26
Q235347,45,0,45
Q235351,13,3,16
Q235399,5,1,6
Q235411,3,0,3
Q235478,19,9,28
Q235503,15,5,20
Q235511,40,10,50
Q235519,26,5,31
Q235555,17,10,27
Q235572,9,8,17
Q235607,10,5,15
Q235622,15,11,26
Q235707,12,5,17
Q235721,17,6,23
Q235725,10,6,16
Q235754,12,2,14
Q235759,26,7,33
Q235858,5,18,23
Q235870,18,11,29
Q235905,12,10,22
Q235952,24,0,24
Q235989,14,7,21
Q236006,6,0,6
Q236010,15,6,21
Q236036,0,5,5
Q236074,11,5,16
Q236097,10,6,16
Q236118,8,6,14
Q236125,19,5,24
Q236151,15,6,21
Q236167,8,6,14
Q236181,14,8,22
Q236189,13,11,24
Q236217,34,1,35
Q236247,19,6,25
Q236250,15,13,28
Q236300,15,3,18
Q236309,17,3,20
Q236399,12,7,19
Q236402,11,2,13
Q236434,16,9,25
Q236463,11,6,17
Q236472,9,5,14
Q236475,18,5,23
Q236479,12,5,17
Q236527,21,10,31
Q236543,0,5,5
Q236569,9,3,12
Q236626,6,6,12
Q236688,0,5,5
Q236696,12,6,18
Q236702,12,4,16
Q236705,0,5,5
Q236711,23,6,29
Q236728,25,2,27
Q236766,10,6,16
Q236822,11,6,17
Q236829,19,2,21
Q236837,4,4,8
Q236842,15,8,23
Q236846,12,6,18
Q236875,13,3,16
Q236913,4,6,10
Q236918,12,5,17
Q236932,4,6,10
Q236956,0,6,6
Q237072,20,2,22
Q237115,12,5,17
Q237134,42,1,43
Q237178,19,1,20
Q237190,8,5,13
Q237194,17,4,21
Q237207,17,28,45
Q237214,18,4,22
Q237215,41,1,42
Q237226,10,7,17
Q237247,0,5,5
Q237253,13,1,14
Q237335,10,4,14
Q237354,16,0,16
Q237530,13,1,14
Q237534,20,4,24
Q237579,12,6,18
Q237594,11,7,18
Q237659,29,18,47
Q237774,14,5,19
Q237778,11,5,16
Q237781,9,5,14
Q237805,15,1,16
Q237809,9,4,13
Q237896,11,3,14
Q237904,10,5,15
Q238052,17,8,25
Q238081,61,7,68
Q238095,3,2,5
Q238101,31,20,51
Q238117,10,6,16
Q238327,11,5,16
Q238356,11,6,17
Q238402,0,8,8
Q238425,9,6,15
Q238438,23,6,29
Q238464,15,10,25
Q238483,16,2,18
Q238486,9,5,14
Q238593,7,1,8
Q238638,17,15,32
Q238671,8,8,16
Q238702,0,5,5
Q238819,34,3,37
Q238855,15,7,22
Q238866,27,0,27
Q238877,14,6,20
Q238884,19,4,23
Q238912,15,5,20
Q238919,21,2,23
Q238924,20,8,28
Q239046,23,9,32
Q239069,16,7,23
Q239074,12,0,12
Q239075,9,4,13
Q239145,17,11,28
Q239296,35,0,35
Q239328,10,6,16
Q239341,9,5,14
Q239389,8,0,8
Q239464,26,3,29
Q239520,3,1,4
Q239528,3,0,3
Q239549,3,0,3
Q239587,24,2,26
Q239739,0,5,5
Q239818,14,1,15
Q239825,1,7,8
Q239870,16,3,19
Q240157,1,3,4
Q240201,5,4,9
Q240233,0,5,5
Q240436,12,6,18
Q240438,3,0,3
Q240444,3,0,3
Q240521,0,4,4
Q240523,31,1,32
Q240620,3,5,8
Q240658,18,6,24
Q240713,32,1,33
Q240714,10,0,10
Q240744,3,5,8
Q240767,15,7,22
Q240774,13,7,20
Q240783,138,37,175
Q240804,5,8,13
Q240869,21,4,25
Q240872,21,17,38
Q240933,30,5,35
Q240937,27,1,28
Q241085,43,0,43
Q241149,4,0,4
Q241160,12,5,17
Q241218,41,0,41
Q241280,8,2,10
Q241317,2,12,14
Q241372,8,5,13
Q241391,28,0,28
Q241437,0,4,4
Q241471,10,9,19
Q241482,41,0,41
Q241510,15,7,22
Q241620,10,5,15
Q241646,15,0,15
Q241662,6,2,8
Q241692,12,4,16
Q241748,1,4,5
Q241800,24,7,31
Q241808,7,3,10
Q241864,6,9,15
Q242015,5,6,11
Q242119,4,0,4
Q242162,0,4,4
Q242185,0,3,3
Q242208,12,5,17
Q242260,4,0,4
Q242329,25,2,27
Q242345,1,55,56
Q242446,16,24,40
Q242504,0,6,6
Q242523,8,5,13
Q242550,11,5,16
Q242552,12,9,21
Q242555,17,4,21
Q242557,11,6,17
Q242596,14,0,14
Q242643,32,4,36
Q242650,12,3,15
Q242707,24,12,36
Q242717,21,7,28
Q242729,23,3,26
Q242735,0,4,4
Q242763,8,8,16
Q242805,14,6,20
Q242924,13,2,15
Q242951,9,9,18
Q243007,6,1,7
Q243439,32,0,32
Q243610,11,9,20
Q243620,0,5,5
Q243630,7,20,27
Q243643,41,0,41
Q243960,0,8,8
Q243983,38,0,38
Q243998,1,1,2
Q244025,7,9,16
Q244039,3,1,4
Q244146,7,5,12
Q244234,32,19,51
Q244247,24,1,25
Q244257,29,0,29
Q244278,6,6,12
Q244315,37,1,38
Q244317,4,0,4
Q244323,0,5,5
Q244333,42,0,42
Q244398,51,0,51
Q244441,31,3,34
Q244448,38,1,39
Q244604,48,0,48
Q244674,39,12,51
Q244678,13,7,20
Q244803,137,1,138
Q244822,2,1,3
Q244931,31,0,31
Q244975,40,1,41
Q245022,18,0,18
Q245065,3,55,58
Q245068,8,371,379
Q245075,19,4,23
Q245172,32,0,32
Q245188,1,0,1
Q245208,38,1,39
Q245227,36,0,36
Q245247,24,12,36
Q245271,37,0,37
Q245282,3,7,10
Q245808,18,8,26
Q246154,10,9,19
Q246711,31,0,31
Q246782,4,3,7
Q246972,3,4,7
Q247032,8,11,19
Q247182,32,1,33
Q247293,30,6,36
Q247312,18,0,18
Q247470,27,1,28
Q247489,9,1,10
Q247577,5,0,5
Q247731,3,0,3
Q247915,8,6,14
Q248179,13,11,24
Q248188,3,4,7
Q248207,27,2,29
Q248354,23,0,23
Q248534,3,11,14
Q248583,2,8,10
Q248688,6,0,6
Q248713,7,5,12
Q248837,20,2,22
Q248970,8,31,39
Q249350,32,0,32
Q249397,4,1,5
Q249643,4,0,4
Q249662,4,1,5
Q249674,6,2,8
Q249679,3,0,3
Q249865,12,8,20
Q249967,25,0,25
Q250205,6,3,9
Q250246,3,15,18
Q250378,15,0,15
Q250545,29,20,49
Q250811,3,8,11
Q250905,20,1,21
Q250954,51,1,52
Q251144,20,6,26
Q251192,3,3,6
Q251267,10,4,14
Q251287,33,1,34
Q251395,9,0,9
Q251542,6,18,24
Q251559,30,0,30
Q251660,0,6,6
Q251668,0,6,6
Q251865,17,0,17
Q251984,16,6,22
Q252290,13,4,17
Q252580,0,5,5
Q253030,1,21,22
Q253205,18,0,18
Q253384,22,3,25
Q253414,12,22,34
Q253439,13,10,23
Q253513,20,7,27
Q253578,11,6,17
Q253891,11,11,22
Q253901,27,1,28
Q253916,23,6,29
Q253918,3,1,4
Q253936,2,13,15
Q253978,22,0,22
Q254022,32,9,41
Q254038,18,5,23
Q254106,12,9,21
Q254205,23,1,24
Q254327,9,6,15
Q254428,6,5,11
Q254431,13,6,19
Q254554,5,0,5
Q254555,22,0,22
Q254766,12,5,17
Q254876,9,1,10
Q254886,19,2,21
Q255032,40,47,87
Q255070,17,11,28
Q255268,12,5,17
Q255323,10,5,15
Q255328,34,1,35
Q255342,36,1,37
Q255406,4,3,7
Q255565,47,8,55
Q255697,21,2,23
Q255771,3,0,3
Q256164,27,17,44
Q256550,5,1,6
Q256602,13,2,15
Q256666,15,8,23
Q256754,6,4,10
Q256884,17,7,24
Q256958,20,4,24
Q256959,0,6,6
Q256961,8,4,12
Q257065,18,4,22
Q257106,10,8,18
Q257165,12,8,20
Q257217,16,7,23
Q257235,37,42,79
Q257243,15,1,16
Q257254,10,1,11
Q257271,15,5,20
Q257286,11,4,15
Q257293,7,5,12
Q257317,18,13,31
Q257442,13,7,20
Q257443,7,2,9
Q257533,5,2,7
Q257625,10,6,16
Q257830,5,2,7
Q258156,14,25,39
Q258246,20,9,29
Q258255,15,1,16
Q258464,12,10,22
Q258503,13,3,16
Q258525,16,5,21
Q258532,11,5,16
Q258647,24,0,24
Q258750,18,1,19
Q258820,15,2,17
Q258824,18,0,18
Q258851,4,5,9
Q258854,11,5,16
Q258896,7,37,44
Q258943,12,0,12
Q258979,25,0,25
Q259011,7,2,9
Q259254,11,7,18
Q259348,0,5,5
Q259422,8,0,8
Q259461,11,8,19
Q259468,18,2,20
Q259502,8,5,13
Q259663,10,6,16
Q259703,6,6,12
Q259726,4,1,5
Q259760,14,3,17
Q259913,22,25,47
Q259957,6,1,7
Q259998,0,5,5
Q260125,22,4,26
Q260184,15,6,21
Q260509,21,0,21
Q260528,5,6,11
Q260533,23,0,23
Q260545,11,5,16
Q260560,0,5,5
Q260622,9,7,16
Q260963,0,5,5
Q260969,24,0,24
Q261314,24,1,25
Q261327,0,5,5
Q261535,14,2,16
Q261543,4,8,12
Q261579,8,6,14
Q261759,37,0,37
Q261865,10,1,11
Q261923,40,1,41
Q261997,19,1,20
Q262102,11,6,17
Q262130,20,22,42
Q262170,13,5,18
Q262479,20,1,21
Q262663,8,2,10
Q262735,17,0,17
Q262738,13,3,16
Q262820,15,4,19
Q262828,1,7,8
Q262838,22,0,22
Q262854,13,2,15
Q262882,5,5,10
Q262910,12,0,12
Q263064,27,10,37
Q263178,11,5,16
Q263239,7,1,8
Q263324,29,8,37
Q263486,24,12,36
Q263686,2,6,8
Q263696,39,7,46
Q263702,3,2,5
Q263734,3,11,14
Q263742,7,3,10
Q263964,8,6,14
Q264118,0,5,5
Q264137,12,9,21
Q264289,3,4,7
Q264307,29,0,29
Q264418,16,1,17
Q264565,18,6,24
Q264603,16,0,16
Q264699,19,7,26
Q264748,16,7,23
Q264770,3,5,8
Q264840,17,7,24
Q264869,26,0,26
Q264914,15,3,18
Q264980,7,0,7
Q265037,13,5,18
Q265058,10,6,16
Q265152,21,0,21
Q265222,11,1,12
Q265252,31,0,31
Q265277,0,5,5
Q265533,1,5,6
Q265570,6,0,6
Q265662,3,7,10
Q266012,37,47,84
Q266137,8,0,8
Q266231,10,5,15
Q266313,10,7,17
Q266361,17,2,19
Q266397,0,5,5
Q266467,12,2,14
Q266521,17,3,20
Q266569,5,69,74
Q266670,18,0,18
Q266923,2,3,5
Q266947,0,5,5
Q267088,13,2,15
Q267097,19,6,25
Q267245,10,2,12
Q267282,7,22,29
Q267383,14,5,19
Q267400,11,12,23
Q267422,12,2,14
Q267441,23,8,31
Q267524,13,2,15
Q267672,52,1,53
Q267721,26,0,26
Q267772,13,2,15
Q267866,57,0,57
Q267972,3,3,6
Q268160,15,8,23
Q268200,4,105,109
Q268208,8,7,15
Q268253,3,13,16
Q268298,10,5,15
Q268416,9,6,15
Q268549,20,3,23
Q268592,3,40,43
Q268670,4,29,33
Q268776,6,2,8
Q268873,5,10,15
Q268970,0,5,5
Q269094,27,4,31
Q269214,34,14,48
Q269331,33,0,33
Q269412,61,9,70
Q269415,0,5,5
Q269500,14,0,14
Q269505,15,4,19
Q269589,23,8,31
Q269669,13,8,21
Q269670,12,12,24
Q269692,23,16,39
Q269731,18,0,18
Q269770,2,21,23
Q269802,14,8,22
Q269810,40,0,40
Q269830,12,7,19
Q269835,18,15,33
Q269869,15,12,27
Q269887,30,0,30
Q269890,35,3,38
Q269894,12,6,18
Q269895,18,15,33
Q269901,17,6,23
Q269912,39,1,40
Q269927,30,9,39
Q270051,3,0,3
Q270079,8,5,13
Q270097,23,25,48
Q270141,4,6,10
Q270149,19,6,25
Q270178,15,8,23
Q270181,3,0,3
Q270200,3,0,3
Q270215,52,1,53
Q270222,24,12,36
Q270230,0,5,5
Q270324,0,6,6
Q270351,61,0,61
Q270382,8,6,14
Q270385,46,0,46
Q270389,5,8,13
Q270420,3,0,3
Q270510,42,1,43
Q270532,10,1,11
Q270533,15,6,21
Q270560,26,5,31
Q270595,6,0,6
Q270599,48,1,49
Q270622,13,9,22
Q270639,14,6,20
Q270664,22,10,32
Q270665,11,1,12
Q270666,3,3,6
Q270669,34,2,36
Q270672,30,7,37
Q270691,18,1,19
Q270730,27,13,40
Q270743,8,5,13
Q270794,9,18,27
Q270827,5,0,5
Q270869,18,0,18
Q270920,12,3,15
Q270935,45,0,45
Q270940,21,1,22
Q271006,38,1,39
Q271040,9,5,14
Q271050,14,5,19
Q271098,2,6,8
Q271109,9,5,14
Q271127,10,0,10
Q271177,18,5,23
Q271189,57,2,59
Q271281,42,0,42
Q271284,21,15,36
Q271395,13,4,17
Q271426,20,2,22
Q271448,9,6,15
Q271460,15,7,22
Q271464,20,11,31
Q271469,11,8,19
Q271471,10,8,18
Q271568,1,4,5
Q271590,14,4,18
Q271601,0,5,5
Q271613,7,3,10
Q271616,14,8,22
Q271626,11,5,16
Q271627,8,5,13
Q271635,12,14,26
Q271637,14,8,22
Q271690,53,0,53
Q271782,15,6,21
Q271830,40,1,41
Q271865,15,6,21
Q271880,5,2,7
Q271883,0,5,5
Q271915,13,4,17
Q271973,0,5,5
Q271986,16,5,21
Q272019,31,28,59
Q272031,33,3,36
Q272059,6,3,9
Q272064,39,0,39
Q272069,36,0,36
Q272076,16,0,16
Q272097,3,0,3
Q272116,7,5,12
Q272130,9,5,14
Q272166,8,6,14
Q272167,3,1,4
Q272195,8,0,8
Q272203,41,3,44
Q272208,0,5,5
Q272220,5,3,8
Q272223,4,0,4
Q272505,15,9,24
Q272518,0,5,5
Q272591,20,0,20
Q272595,35,0,35
Q272599,31,1,32
Q272608,41,1,42
Q272610,41,5,46
Q272613,10,8,18
Q272619,15,5,20
Q272629,3,7,10
Q272633,11,3,14
Q272860,42,0,42
Q272917,17,6,23
Q272919,10,0,10
Q272923,27,8,35
Q272927,17,12,29
Q272929,26,4,30
Q272931,31,5,36
Q272935,22,3,25
Q272946,22,10,32
Q272952,20,4,24
Q272972,17,10,27
Q272977,17,13,30
Q273055,28,0,28
Q273065,5,5,10
Q273075,9,6,15
Q273076,31,1,32
Q273107,17,2,19
Q273136,13,10,23
Q273199,2,6,8
Q273208,13,20,33
Q273210,36,3,39
Q273215,25,14,39
Q273233,4,4,8
Q273285,3,0,3
Q273379,7,8,15
Q273497,8,6,14
Q273568,46,0,46
Q273623,3,8,11
Q273686,35,1,36
Q273704,49,1,50
Q273753,8,12,20
Q273830,15,5,20
Q273978,51,4,55
Q274070,21,12,33
Q274120,8,3,11
Q274167,45,2,47
Q274401,3,0,3
Q274486,13,2,15
Q274529,30,0,30
Q274562,27,0,27
Q274616,0,3,3
Q274748,35,0,35
Q274762,3,0,3
Q274778,3,0,3
Q274887,30,0,30
Q274895,34,0,34
Q275059,9,1,10
Q275120,55,2,57
Q275180,39,1,40
Q275187,40,0,40
Q275254,7,9,16
Q275402,23,10,33
Q275432,26,3,29
Q275553,42,1,43
Q275620,13,7,20
Q275626,4,1,5
Q275658,13,7,20
Q275707,10,0,10
Q275803,9,7,16
Q275900,25,2,27
Q275964,26,4,30
Q276005,35,6,41
Q276130,13,2,15
Q276170,24,5,29
Q276175,12,4,16
Q276258,0,5,5
Q276269,19,4,23
Q276273,14,0,14
Q276299,37,0,37
Q276302,12,6,18
Q276343,31,0,31
Q276392,30,0,30
Q276425,14,6,20
Q276453,2,3,5
Q276523,42,1,43
Q276524,19,0,19
Q276525,24,15,39
Q276528,18,1,19
Q276533,13,0,13
Q276535,5,0,5
Q276539,5,1,6
Q276542,5,8,13
Q276772,29,0,29
Q277038,18,1,19
Q277080,35,1,36
Q277099,12,6,18
Q277162,6,20,26
Q277193,17,1,18
Q277252,5,16,21
Q277308,0,4,4
Q277536,16,256,272
Q277551,26,2,28
Q277626,11,48,59
Q277751,4,315,319
Q277787,3,8,11
Q277895,14,3,17
Q277978,21,8,29
Q278053,29,3,32
Q278512,0,9,9
Q278798,0,5,5
Q278997,47,2,49
Q279000,9,3,12
Q279100,12,16,28
Q279169,10,4,14
Q279189,14,0,14
Q279305,16,0,16
Q279834,12,6,18
Q279914,5,1,6
Q280098,23,10,33
Q280481,8,14,22
Q280596,3,5,8
Q280658,3,28,31
Q280679,3,1,4
Q280814,134,6,140
Q280856,60,14,74
Q280870,9,8,17
Q280918,48,0,48
Q281034,32,1,33
Q281249,14,6,20
Q281404,16,4,20
Q281460,10,10,20
Q281480,24,0,24
Q281621,21,8,29
Q281681,6,3,9
Q281908,27,0,27
Q281939,5,451,456
Q281951,11,5,16
Q281964,23,5,28
Q282002,19,3,22
Q282033,11,8,19
Q282126,4,0,4
Q282159,6,1,7
Q282428,10,5,15
Q282636,5,10,15
Q282722,49,1,50
Q282804,42,0,42
Q282827,27,0,27
Q282925,9,0,9
Q283328,11,7,18
Q283457,5,0,5
Q283490,18,0,18
Q283586,41,1,42
Q283639,11,8,19
Q283760,7,1,8
Q283799,37,0,37
Q283872,12,9,21
Q283978,2,8,10
Q283988,21,7,28
Q284163,5,5,10
Q284199,2,14,16
Q284229,34,0,34
Q284401,10,0,10
Q284636,21,14,35
Q284876,18,7,25
Q285007,0,6,6
Q285117,4,1,5
Q285254,15,0,15
Q285264,4,6,10
Q285467,9,5,14
Q285599,9,1,10
Q285625,7,2,9
Q285722,3,0,3
Q285800,1,0,1
Q285928,19,3,22
Q285966,10,3,13
Q286022,66,7,73
Q286069,0,18,18
Q286080,2,2,4
Q286410,23,4,27
Q286504,3,0,3
Q286569,10,0,10
Q286570,20,2,22
Q286717,30,5,35
Q286738,0,3,3
Q286777,42,9,51
Q286890,19,23,42
Q287062,2,14,16
Q287149,7,1,8
Q287171,8,4,12
Q287177,14,15,29
Q287218,8,6,14
Q287297,8,7,15
Q287514,1,4,5
Q287599,20,1,21
Q287607,26,16,42
Q287793,30,9,39
Q287824,17,17,34
Q287887,12,9,21
Q287977,29,2,31
Q288173,62,0,62
Q288175,2,6,8
Q288187,0,5,5
Q288337,20,11,31
Q288404,16,8,24
Q288592,3,7,10
Q288606,6,3,9
Q288645,45,1,46
Q288781,11,14,25
Q288928,12,42,54
Q289112,4,0,4
Q289123,0,5,5
Q289204,39,0,39
Q289214,3,24,27
Q289286,4,0,4
Q289364,8,6,14
Q289412,6,1,7
Q289482,6,0,6
Q289545,15,6,21
Q289612,6,1,7
Q289678,2,0,2
Q289931,12,14,26
Q289952,13,14,27
Q289973,13,3,16
Q290356,3,9,12
Q290370,9,6,15
Q290629,4,0,4
Q290913,19,0,19
Q290922,8,0,8
Q290962,19,3,22
Q291141,23,15,38
Q291170,51,2,53
Q291180,25,0,25
Q291438,10,6,16
Q291447,58,2,60
Q291471,143,10,153
Q291552,9,9,18
Q291559,28,0,28
Q291686,10,15,25
Q291827,4,22,26
Q292044,46,43,89
Q292061,6,2,8
Q292399,20,0,20
Q292446,12,7,19
Q292618,2,1,3
Q292943,13,1,14
Q294185,23,7,30
Q294278,4,76,80
Q294372,17,9,26
Q294414,3,15,18
Q294449,23,4,27
Q294454,18,6,24
Q294531,36,3,39
Q294583,33,9,42
Q294586,13,7,20
Q294625,0,6,6
Q294641,23,16,39
Q294773,36,7,43
Q294812,16,3,19
Q294819,13,5,18
Q294912,29,28,57
Q294927,33,8,41
Q294975,16,8,24
Q294979,26,2,28
Q295020,15,5,20
Q295034,15,11,26
Q295080,19,5,24
Q295148,17,14,31
Q295153,18,0,18
Q295207,22,5,27
Q295233,31,6,37
Q295406,28,9,37
Q295445,14,9,23
Q295463,21,7,28
Q295498,17,8,25
Q295516,27,0,27
Q295593,22,4,26
Q295794,8,3,11
Q295797,20,0,20
Q295803,25,10,35
Q295817,15,0,15
Q295847,22,6,28
Q295912,18,8,26
Q295923,29,5,34
Q295964,29,20,49
Q295974,14,8,22
Q296008,16,16,32
Q296028,21,16,37
Q296050,3,0,3
Q296177,23,7,30
Q296282,16,0,16
Q296287,26,7,33
Q296328,15,10,25
Q296370,18,12,30
Q296403,14,0,14
Q296484,13,3,16
Q296491,23,5,28
Q296500,17,12,29
Q296505,19,12,31
Q296524,19,8,27
Q296537,14,11,25
Q296577,12,7,19
Q296609,37,6,43
Q296616,29,7,36
Q296630,30,16,46
Q296698,52,9,61
Q296729,42,6,48
Q296774,22,6,28
Q296796,20,10,30
Q296804,26,13,39
Q296822,19,4,23
Q296843,13,3,16
Q296872,30,1,31
Q296876,26,0,26
Q296883,11,12,23
Q296928,15,8,23
Q297071,22,7,29
Q297079,22,1,23
Q297128,9,2,11
Q297173,17,4,21
Q297265,14,0,14
Q297334,0,4,4
Q297538,42,7,49
Q297552,31,2,33
Q297575,2,6,8
Q297739,10,8,18
Q297744,15,5,20
Q297816,43,4,47
Q297945,0,5,5
Q298016,20,6,26
Q298025,39,19,58
Q298243,11,5,16
Q298255,24,6,30
Q298276,18,12,30
Q298295,32,5,37
Q298347,19,5,24
Q298368,29,11,40
Q298371,13,7,20
Q298542,16,0,16
Q298658,23,4,27
Q298672,18,14,32
Q298682,19,12,31
Q298685,33,1,34
Q298694,14,5,19
Q298726,23,2,25
Q298761,35,0,35
Q298777,18,10,28
Q298799,15,3,18
Q298818,19,9,28
Q298838,26,7,33
Q298905,24,3,27
Q298908,23,4,27
Q298920,28,0,28
Q299138,29,0,29
Q299190,25,2,27
Q299194,25,11,36
Q299208,28,2,30
Q299217,16,9,25
Q299228,20,0,20
Q299266,15,3,18
Q299282,11,1,12
Q299297,17,7,24
Q299302,13,13,26
Q299309,21,11,32
Q299314,18,9,27
Q299317,14,7,21
Q299324,0,5,5
Q299419,16,4,20
Q299421,10,6,16
Q299483,20,21,41
Q299700,18,12,30
Q300323,8,9,17
Q300439,31,0,31
Q300555,39,0,39
Q300559,24,0,24
Q300568,29,1,30
Q300842,18,0,18
Q301049,25,2,27
Q301345,9,0,9
Q301431,4,0,4
Q301846,6,8,14
Q301965,8,1,9
Q302045,18,5,23
Q302335,0,5,5
Q302490,40,0,40
Q302491,13,6,19
Q302497,11,38,49
Q302556,4,184,188
Q302650,16,6,22
Q302682,33,0,33
Q302690,10,5,15
Q302696,7,0,7
Q302762,29,3,32
Q302794,11,3,14
Q303040,33,0,33
Q303207,31,1,32
Q303213,31,0,31
Q303538,15,9,24
Q303678,30,0,30
Q303751,16,5,21
Q303891,19,5,24
Q303957,15,7,22
Q304030,32,0,32
Q304074,45,2,47
Q304290,12,2,14
Q304322,10,5,15
Q304488,44,0,44
Q304509,13,13,26
Q304985,10,10,20
Q304997,10,6,16
Q305250,20,1,21
Q306135,62,2,64
Q306403,34,20,54
Q306590,1,14,15
Q306626,5,9,14
Q307882,15,16,31
Q307996,0,7,7
Q308124,22,7,29
Q308439,5,0,5
Q308459,17,6,23
Q308683,7,1,8
Q308714,3,5,8
Q308722,14,15,29
Q308792,16,5,21
Q308840,21,2,23
Q308876,3,9,12
Q308879,2,7,9
Q308889,8,0,8
Q308891,2,5,7
Q308907,0,6,6
Q308929,41,1,42
Q308966,6,3,9
Q308984,28,2,30
Q309025,4,0,4
Q309048,30,1,31
Q309059,4,0,4
Q309086,41,0,41
Q309095,5,0,5
Q309153,36,0,36
Q309160,18,10,28
Q309162,2,0,2
Q309195,6,6,12
Q309214,29,11,40
Q309246,45,0,45
Q309248,44,0,44
Q309289,38,1,39
Q309331,30,6,36
Q309350,23,60,83
Q309366,54,1,55
Q309400,3,0,3
Q309480,4,1,5
Q309486,23,9,32
Q309503,15,6,21
Q309545,44,0,44
Q309555,21,9,30
Q309589,22,4,26
Q309592,10,9,19
Q309621,39,0,39
Q309631,13,5,18
Q309640,18,9,27
Q309690,17,13,30
Q309756,9,4,13
Q309788,21,5,26
Q309818,0,5,5
Q309835,18,6,24
Q309843,16,1,17
Q309888,20,1,21
Q309900,22,11,33
Q309932,19,8,27
Q309941,34,4,38
Q309950,22,2,24
Q309972,2,5,7
Q309980,11,12,23
Q309989,15,0,15
Q309996,8,5,13
Q310012,14,11,25
Q310048,30,5,35
Q310052,16,1,17
Q310060,18,11,29
Q310116,24,0,24
Q310166,16,0,16
Q310170,24,4,28
Q310190,14,9,23
Q310204,24,0,24
Q310217,26,7,33
Q310283,22,7,29
Q310292,15,1,16
Q310295,31,10,41
Q310300,40,2,42
Q310315,18,12,30
Q310318,25,18,43
Q310322,8,7,15
Q310324,19,9,28
Q310343,27,4,31
Q310357,19,4,23
Q310367,0,5,5
Q310379,28,3,31
Q310389,17,3,20
Q310394,29,9,38
Q310413,18,3,21
Q310493,15,7,22
Q310511,9,6,15
Q310515,15,10,25
Q310551,11,8,19
Q310553,11,3,14
Q310556,15,6,21
Q310617,70,0,70
Q310621,5,0,5
Q310637,18,5,23
Q310734,29,0,29
Q310785,20,12,32
Q310796,17,0,17
Q310819,24,4,28
Q310867,13,3,16
Q310894,32,0,32
Q310926,27,7,34
Q310930,14,6,20
Q310932,13,15,28
Q310934,15,6,21
Q310937,20,4,24
Q310944,18,8,26
Q310947,18,7,25
Q310960,20,6,26
Q310965,18,0,18
Q311068,28,9,37
Q311084,14,10,24
Q311093,17,10,27
Q311103,11,0,11
Q311136,4,16,20
Q311165,12,6,18
Q311169,13,6,19
Q311172,3,12,15
Q311178,2,6,8
Q311179,26,5,31
Q311190,3,5,8
Q311191,20,0,20
Q311219,13,1,14
Q311228,4,5,9
Q311232,18,6,24
Q311238,29,0,29
Q311253,42,11,53
Q311256,24,0,24
Q311263,20,9,29
Q311267,36,0,36
Q311271,32,20,52
Q311306,19,1,20
Q311314,19,13,32
Q311317,25,3,28
Q311319,22,14,36
Q311382,17,0,17
Q311439,12,5,17
Q311450,41,0,41
Q311453,20,7,27
Q311471,5,6,11
Q311515,7,6,13
Q311559,17,0,17
Q311607,24,6,30
Q311613,13,2,15
Q311615,33,16,49
Q311655,26,6,32
Q311672,25,2,27
Q311699,16,5,21
Q311723,29,4,33
Q311744,16,2,18
Q311750,17,3,20
Q311754,24,7,31
Q311769,16,4,20
Q311804,14,7,21
Q311836,5,45,50
Q311892,21,4,25
Q311962,15,5,20
Q311976,23,6,29
Q311987,15,0,15
Q311993,17,5,22
Q312051,10,12,22
Q312053,32,0,32
Q312077,17,11,28
Q312078,37,3,40
Q312081,15,7,22
Q312084,21,6,27
Q312088,13,8,21
Q312098,27,7,34
Q312107,23,11,34
Q312124,21,11,32
Q312129,27,14,41
Q312133,11,8,19
Q312161,11,9,20
Q312173,24,1,25
Q312252,35,2,37
Q312290,14,9,23
Q312327,7,0,7
Q312337,12,4,16
Q312380,12,6,18
Q312399,8,8,16
Q312405,29,6,35
Q312434,23,5,28
Q312510,18,0,18
Q312514,28,3,31
Q312531,19,3,22
Q312559,37,0,37
Q312564,29,0,29
Q312570,29,11,40
Q312579,16,0,16
Q312632,26,14,40
Q312641,21,8,29
Q312657,29,3,32
Q312663,0,4,4
Q312674,36,1,37
Q312691,16,0,16
Q312693,18,0,18
Q312702,21,14,35
Q312705,14,13,27
Q312712,20,16,36
Q312751,20,11,31
Q312783,13,0,13
Q312789,11,1,12
Q312797,16,0,16
Q312845,25,0,25
Q312853,32,5,37
Q312870,29,0,29
Q312878,21,6,27
Q312885,14,4,18
Q312902,13,5,18
Q312995,38,8,46
Q313009,17,5,22
Q313013,34,2,36
Q313020,22,13,35
Q313023,12,3,15
Q313025,10,3,13
Q313039,21,12,33
Q313040,22,5,27
Q313042,15,7,22
Q313043,21,21,42
Q313044,19,5,24
Q313046,25,4,29
Q313047,18,6,24
Q313048,19,10,29
Q313083,19,0,19
Q313092,22,1,23
Q313107,21,12,33
Q313185,47,12,59
Q313193,20,1,21
Q313198,16,6,22
Q313204,14,6,20
Q313243,16,0,16
Q313246,21,1,22
Q313256,30,6,36
Q313260,25,4,29
Q313266,12,2,14
Q313270,21,3,24
Q313281,47,5,52
Q313311,17,5,22
Q313315,41,1,42
Q313362,23,8,31
Q313371,27,2,29
Q313381,16,1,17
Q313388,26,19,45
Q313433,15,5,20
Q313462,11,5,16
Q313466,56,7,63
Q313470,16,9,25
Q313506,23,6,29
Q313516,11,8,19
Q313522,26,9,35
Q313537,19,12,31
Q313540,12,12,24
Q313545,19,6,25
Q313546,16,8,24
Q313554,21,0,21
Q313565,7,1,8
Q313566,26,19,45
Q313578,20,3,23
Q313588,12,6,18
Q313593,0,4,4
Q313596,23,3,26
Q313617,21,0,21
Q313639,19,4,23
Q313650,17,9,26
Q313652,11,6,17
Q313653,15,9,24
Q313671,12,8,20
Q313683,28,0,28
Q313705,17,10,27
Q313727,12,5,17
Q313749,21,0,21
Q313755,30,2,32
Q313779,6,0,6
Q313788,18,2,20
Q313789,16,8,24
Q313814,15,9,24
Q313819,30,0,30
Q313841,18,2,20
Q313874,42,0,42
Q313918,20,8,28
Q313956,15,3,18
Q313992,18,0,18
Q314133,17,7,24
Q314142,16,13,29
Q314208,21,2,23
Q314215,17,0,17
Q314290,16,22,38
Q314342,17,16,33
Q314358,21,2,23
Q314397,28,1,29
Q314416,22,3,25
Q314421,15,9,24
Q314424,22,3,25
Q314427,14,3,17
Q314485,24,5,29
Q314502,24,10,34
Q314553,31,11,42
Q314603,15,5,20
Q314610,10,11,21
Q314623,18,6,24
Q314640,25,6,31
Q314673,14,6,20
Q314676,0,2,2
Q314771,30,2,32
Q314801,25,9,34
Q314805,15,12,27
Q314812,24,9,33
Q314831,17,18,35
Q314834,22,4,26
Q314841,15,9,24
Q314882,15,6,21
Q314892,14,15,29
Q314914,13,6,19
Q314924,16,6,22
Q314926,28,3,31
Q314935,21,10,31
Q314945,19,3,22
Q314954,19,6,25
Q315039,19,7,26
Q315051,21,5,26
Q315069,21,8,29
Q315083,18,14,32
Q315087,35,10,45
Q315090,29,6,35
Q315099,13,13,26
Q315118,10,10,20
Q315123,17,14,31
Q315202,14,1,15
Q315208,15,5,20
Q315217,14,6,20
Q315258,15,6,21
Q315271,19,2,21
Q315325,22,0,22
Q315340,0,5,5
Q315495,15,7,22
Q315547,20,2,22
Q315604,11,9,20
Q315667,9,4,13
Q315711,15,0,15
Q315723,28,1,29
Q315728,22,9,31
Q315734,29,5,34
Q315750,16,3,19
Q315756,29,20,49
Q315763,13,10,23
Q315808,43,7,50
Q315811,19,0,19
Q315826,23,6,29
Q315864,11,10,21
Q316003,13,7,20
Q316032,18,11,29
Q316051,14,6,20
Q316138,49,7,56
Q316313,25,2,27
Q316446,19,14,33
Q316454,24,5,29
Q316541,10,5,15
Q316555,21,1,22
Q316596,19,17,36
Q316610,22,9,31
Q316619,20,0,20
Q316622,13,4,17
Q316627,10,5,15
Q316629,29,14,43
Q316641,39,9,48
Q316647,16,7,23
Q316704,21,0,21
Q316709,20,12,32
Q316756,18,8,26
Q316785,0,5,5
Q316788,0,6,6
Q316789,5,0,5
Q316838,2,48,50
Q316844,25,8,33
Q316857,18,7,25
Q316878,31,1,32
Q316930,3,39,42
Q316955,13,10,23
Q316977,0,6,6
Q317024,9,9,18
Q317026,21,7,28
Q317033,26,1,27
Q317161,29,1,30
Q317228,15,10,25
Q317251,17,5,22
Q317272,65,7,72
Q317337,12,6,18
Q317343,28,12,40
Q317358,19,10,29
Q317427,24,3,27
Q317491,27,7,34
Q317516,13,6,19
Q317563,7,6,13
Q317567,18,19,37
Q317574,25,0,25
Q317654,17,6,23
Q317740,11,2,13
Q317761,13,11,24
Q317784,34,0,34
Q317802,2,0,2
Q317814,20,4,24
Q317817,15,5,20
Q317865,6,0,6
Q318134,17,7,24
Q318138,33,1,34
Q318149,11,5,16
Q318155,8,5,13
Q318220,14,5,19
Q318223,19,1,20
Q318231,11,11,22
Q318249,17,5,22
Q318261,14,3,17
Q318263,27,8,35
Q318267,18,11,29
Q318287,18,13,31
Q318292,21,8,29
Q318296,8,8,16
Q318374,27,0,27
Q318412,20,5,25
Q318428,25,2,27
Q318475,71,7,78
Q318503,19,2,21
Q318509,32,4,36
Q318607,18,6,24
Q318619,21,0,21
Q318685,15,2,17
Q318693,4,18,22
Q318712,19,5,24
Q318734,21,5,26
Q318750,26,7,33
Q318766,36,0,36
Q318885,19,5,24
Q318910,43,1,44
Q318922,4,0,4
Q319001,22,8,30
Q319061,57,1,58
Q319078,16,2,18
Q319084,24,2,26
Q319132,8,1,9
Q319133,0,5,5
Q319136,5,0,5
Q319196,54,9,63
Q319204,11,10,21
Q319221,2,225,227
Q319226,2,5,7
Q319239,8,1,9
Q319374,29,0,29
Q319390,8,6,14
Q319392,27,5,32
Q319502,37,0,37
Q319654,6,0,6
Q319693,22,5,27
Q319723,22,3,25
Q319725,16,4,20
Q319761,6,1,7
Q319783,45,1,46
Q319810,22,0,22
Q319845,6,1,7
Q319918,4,5,9
Q319986,15,9,24
Q319996,16,7,23
Q320002,1,11,12
Q320025,24,27,51
Q320036,14,4,18
Q320052,20,9,29
Q320073,13,12,25
Q320084,8,11,19
Q320093,16,9,25
Q320115,21,1,22
Q320204,22,13,35
Q320211,25,1,26
Q320218,27,5,32
Q320264,13,0,13
Q320341,3,5,8
Q320384,29,0,29
Q320423,49,0,49
Q320454,1,4,5
Q320461,31,2,33
Q320476,4,2,6
Q320484,4,0,4
Q320499,7,6,13
Q320514,7,6,13
Q320556,0,5,5
Q320588,51,0,51
Q320592,3,3,6
Q320729,4,0,4
Q320863,0,6,6
Q320945,10,5,15
Q320973,11,7,18
Q321061,4,1,5
Q321131,7,6,13
Q321339,13,0,13
Q321423,87,2,89
Q321561,35,1,36
Q322056,17,7,24
Q322060,15,0,15
Q322179,16,1,17
Q322266,14,2,16
Q322328,28,0,28
Q322607,3,10,13
Q322646,0,5,5
Q322675,3,1,4
Q322915,21,0,21
Q322994,5,8,13
Q323076,17,12,29
Q323201,18,4,22
Q323271,18,0,18
Q323318,39,2,41
Q323335,11,0,11
Q323452,11,13,24
Q323467,37,0,37
Q323470,36,0,36
Q323472,37,1,38
Q323827,63,3,66
Q323834,11,1,12
Q324068,15,7,22
Q324177,8,7,15
Q324262,25,0,25
Q324338,4,0,4
Q324464,3,6,9
Q324523,8,2,10
Q324572,0,6,6
Q324596,3,0,3
Q324647,12,6,18
Q324976,4,2,6
Q325020,11,5,16
Q325130,19,7,26
Q325190,10,5,15
Q325389,29,0,29
Q325396,31,28,59
Q325412,11,1,12
Q325504,4,12,16
Q325643,41,0,41
Q325687,13,5,18
Q325814,12,9,21
Q325819,5,0,5
Q326114,52,0,52
Q326250,6,5,11
Q326295,7,2,9
Q326319,24,0,24
Q326323,5,5,10
Q326342,13,2,15
Q326426,4,0,4
Q326444,8,8,16
Q326461,4,7,11
Q326482,3,22,25
Q326538,24,0,24
Q326653,4,1,5
Q326731,39,0,39
Q326816,4,5,9
Q326827,4,6,10
Q327012,9,3,12
Q327022,10,11,21
Q327027,27,0,27
Q327029,2,0,2
Q327100,3,0,3
Q327116,6,2,8
Q327165,16,0,16
Q327214,28,0,28
Q327217,8,10,18
Q327223,4,1,5
Q327238,6,2,8
Q327333,0,7,7
Q327391,13,0,13
Q327547,3,4,7
Q327591,2,9,11
Q327681,53,1,54
Q327713,47,0,47
Q327751,6,0,6
Q328208,21,0,21
Q328313,6,0,6
Q328379,11,12,23
Q328409,8,5,13
Q328473,3,9,12
Q328522,10,6,16
Q328658,3,1,4
Q328695,37,2,39
Q328723,23,14,37
Q328790,21,10,31
Q328857,11,0,11
Q329046,2,5,7
Q329056,36,0,36
Q329127,43,1,44
Q329131,49,0,49
Q329157,3,15,18
Q329176,10,1,11
Q329193,14,5,19
Q329448,51,0,51
Q329456,8,6,14
Q329464,5,15,20
Q329485,8,2,10
Q329510,3,0,3
Q329646,8,11,19
Q329700,22,10,32
Q329709,35,1,36
Q329716,18,13,31
Q329719,40,5,45
Q329734,17,16,33
Q329744,29,11,40
Q329784,22,9,31
Q329798,0,5,5
Q329805,40,1,41
Q329807,17,7,24
Q329812,5,1,6
Q329816,3,1,4
Q329849,17,4,21
Q329888,7,19,26
Q329953,19,0,19
Q330039,3,0,3
Q330113,15,0,15
Q330120,4,1,5
Q330125,3,3,6
Q330143,4,2,6
Q330148,3,2,5
Q330438,13,1,14
Q330460,13,8,21
Q330468,57,0,57
Q330629,2,43,45
Q330663,65,0,65
Q330762,7,5,12
Q330801,8,9,17
Q330963,4,6,10
Q331104,6,1,7
Q331380,6,8,14
Q331397,3,10,13
Q331720,22,6,28
Q331728,19,0,19
Q331731,20,0,20
Q331748,24,3,27
Q331922,21,0,21
Q332032,30,9,39
Q332102,0,4,4
Q332330,44,0,44
Q332342,13,18,31
Q332348,40,1,41
Q332368,49,2,51
Q332399,17,10,27
Q332469,9,9,18
Q332498,15,6,21
Q332515,33,0,33
Q332530,21,2,23
Q332642,5,0,5
Q332664,3,1,4
Q333006,4,1,5
Q333156,6,1,7
Q333190,14,7,21
Q333443,17,3,20
Q333595,22,6,28
Q333625,1,0,1
Q333634,3,45,48
Q333718,18,2,20
Q333838,3,0,3
Q333886,28,19,47
Q334195,13,7,20
Q334204,15,2,17
Q334242,0,8,8
Q334288,23,1,24
Q334453,3,13,16
Q334634,6,4,10
Q334648,17,7,24
Q334800,12,2,14
Q334822,18,0,18
Q335017,12,4,16
Q335160,26,1,27
Q335169,4,1,5
Q335340,22,0,22
Q335376,13,13,26
Q335483,4,0,4
Q335515,10,2,12
Q335629,17,0,17
Q335672,23,3,26
Q335680,28,5,33
Q335880,15,5,20
Q336018,37,8,45
Q336059,2,29,31
Q336074,29,20,49
Q336144,3,9,12
Q336185,14,7,21
Q336206,22,5,27
Q336222,25,6,31
Q336229,7,5,12
Q336264,14,0,14
Q336272,22,2,24
Q336286,2,4,6
Q336322,4,3,7
Q336337,7,3,10
Q336388,20,1,21
Q336400,14,5,19
Q336486,9,6,15
Q336519,27,2,29
Q336640,38,2,40
Q336788,27,9,36
Q336865,23,2,25
Q336877,19,2,21
Q337078,56,2,58
Q337084,2,1,3
Q337089,17,2,19
Q337090,37,0,37
Q337206,29,5,34
Q337222,0,5,5
Q337226,0,5,5
Q337377,6,4,10
Q337382,6,0,6
Q337463,6,5,11
Q337521,23,0,23
Q337531,5,7,12
Q337547,0,5,5
Q337620,2,4,6
Q337658,21,8,29
Q337758,4,3,7
Q337926,4,12,16
Q338042,9,6,15
Q338102,9,5,14
Q338432,12,12,24
Q338726,14,5,19
Q338757,1,5,6
Q338812,19,7,26
Q339093,11,0,11
Q339228,8,1,9
Q339430,13,1,14
Q339527,6,1,7
Q339551,10,6,16
Q339560,5,0,5
Q339876,55,0,55
Q339896,10,0,10
Q340007,0,5,5
Q340169,2,10,12
Q340195,4,82,86
Q340213,20,4,24
Q341364,3,0,3
Q341639,4,2,6
Q341755,7,6,13
Q341915,9,12,21
Q342043,9,5,14
Q342252,18,3,21
Q342364,22,0,22
Q342419,25,19,44
Q342428,1,4,5
Q342430,13,8,21
Q342533,19,3,22
Q342549,13,3,16
Q342604,22,7,29
Q342617,0,6,6
Q342665,13,13,26
Q342788,13,18,31
Q342803,14,8,22
Q342962,10,5,15
Q343037,17,8,25
Q343059,22,18,40
Q343069,20,0,20
Q343453,8,5,13
Q343463,10,8,18
Q343510,15,11,26
Q343564,13,4,17
Q343616,22,9,31
Q343633,31,6,37
Q343782,3,9,12
Q343983,29,6,35
Q344341,11,5,16
Q344576,20,5,25
Q344655,21,5,26
Q344735,25,6,31
Q344750,16,5,21
Q344793,24,6,30
Q344822,29,4,33
Q344973,11,5,16
Q344983,24,1,25
Q345212,14,9,23
Q345249,17,5,22
Q345259,19,9,28
Q345325,23,15,38
Q345431,22,1,23
Q345494,34,4,38
Q345517,16,3,19
Q346280,29,3,32
Q346285,15,0,15
Q346384,8,9,17
Q346565,25,3,28
Q346595,14,7,21
Q346762,23,0,23
Q346801,30,1,31
Q346833,10,10,20
Q347023,21,0,21
Q347346,3,1,4
Q347395,12,16,28
Q347432,14,7,21
Q347436,12,4,16
Q347461,47,13,60
Q347473,11,3,14
Q347711,22,6,28
Q347879,37,24,61
Q347945,15,5,20
Q348093,11,1,12
Q348134,5,8,13
Q348209,22,4,26
Q348351,20,5,25
Q348445,15,9,24
Q348459,29,0,29
Q348533,35,4,39
Q348534,27,0,27
Q348603,21,1,22
Q348649,15,3,18
Q348658,28,0,28
Q349055,19,12,31
Q349166,16,4,20
Q349339,16,9,25
Q349350,17,10,27
Q349391,47,29,76
Q349420,16,1,17
Q349434,24,0,24
Q349448,21,0,21
Q349461,22,7,29
Q349510,10,5,15
Q349548,19,9,28
Q349588,8,6,14
Q349690,19,1,20
Q349750,8,7,15
Q349799,22,0,22
Q349852,20,11,31
Q349857,13,10,23
Q350134,4,5,9
Q350194,12,10,22
Q350199,17,0,17
Q350208,14,5,19
Q350255,14,7,21
Q350405,19,16,35
Q350422,21,9,30
Q350424,14,6,20
Q350459,9,5,14
Q350588,14,1,15
Q350640,24,6,30
Q350666,25,6,31
Q350678,17,4,21
Q350680,18,2,20
Q350704,25,4,29
Q350714,11,6,17
Q350717,19,6,25
Q350721,20,0,20
Q350811,11,8,19
Q350819,14,7,21
Q350903,17,10,27
Q350979,4,8,12
Q351055,32,1,33
Q351061,22,0,22
Q351156,18,2,20
Q351290,20,5,25
Q351363,3,10,13
Q351479,18,3,21
Q351563,10,4,14
Q351812,15,11,26
Q351838,19,2,21
Q351849,12,8,20
Q351865,8,6,14
Q352010,16,12,28
Q352180,22,7,29
Q352203,19,14,33
Q352431,51,0,51
Q352460,19,0,19
Q352473,18,1,19
Q352507,0,5,5
Q352540,18,6,24
Q352547,13,9,22
Q352708,15,6,21
Q352730,19,8,27
Q352748,16,4,20
Q352766,30,0,30
Q352842,2,4,6
Q352878,21,0,21
Q352935,13,5,18
Q352948,0,5,5
Q353023,21,0,21
Q353117,21,10,31
Q353142,10,5,15
Q353155,13,8,21
Q353501,19,6,25
Q353511,18,4,22
Q353755,14,4,18
Q353978,20,11,31
Q354010,18,12,30
Q354031,10,7,17
Q354059,4,1,5
Q354181,23,2,25
Q354496,19,0,19
Q354508,40,1,41
Q354654,14,0,14
Q354783,36,3,39
Q354873,13,6,19
Q355009,25,1,26
Q355038,9,4,13
Q355116,15,6,21
Q355125,21,6,27
Q355133,16,8,24
Q355153,25,3,28
Q355163,16,8,24
Q355168,10,6,16
Q355173,8,0,8
Q355209,17,19,36
Q355300,19,11,30
Q355392,10,6,16
Q355567,0,7,7
Q355652,18,2,20
Q355748,17,1,18
Q355835,24,7,31
Q356038,19,0,19
Q356086,12,8,20
Q356109,17,2,19
Q356129,22,1,23
Q356275,19,14,33
Q356287,14,5,19
Q356303,16,10,26
Q356305,26,0,26
Q356309,18,1,19
Q356383,14,8,22
Q356480,19,0,19
Q356487,18,7,25
Q356541,25,4,29
Q356986,27,2,29
Q357001,20,13,33
Q357014,34,4,38
Q357515,19,0,19
Q357546,12,0,12
Q357608,17,8,25
Q357627,21,8,29
Q357676,27,0,27
Q357726,10,8,18
Q357762,15,17,32
Q358032,11,3,14
Q358322,14,0,14
Q358345,25,10,35
Q358379,18,0,18
Q358702,9,0,9
Q358714,14,10,24
Q358990,16,7,23
Q359311,17,17,34
Q359325,11,9,20
Q359331,12,7,19
Q359377,21,0,21
Q359416,17,4,21
Q359488,15,6,21
Q359491,11,8,19
Q359604,13,7,20
Q359665,29,8,37
Q359789,21,0,21
Q359873,10,8,18
Q359969,11,0,11
Q360002,11,8,19
Q360036,14,5,19
Q360313,11,5,16
Q360426,14,4,18
Q360477,20,5,25
Q360528,13,7,20
Q360642,17,5,22
Q360663,18,5,23
Q360674,14,4,18
Q360737,13,8,21
Q360927,21,5,26
Q361149,65,12,77
Q361154,8,5,13
Q361158,10,5,15
Q361208,16,2,18
Q361238,20,6,26
Q361290,7,7,14
Q361297,0,8,8
Q361308,8,8,16
Q361336,16,11,27
Q361400,11,6,17
Q361412,10,7,17
Q361431,18,1,19
Q361461,13,5,18
Q361610,12,20,32
Q361630,17,6,23
Q361653,35,1,36
Q361670,19,1,20
Q361683,19,0,19
Q361927,18,0,18
Q361981,23,3,26
Q362061,22,9,31
Q362210,13,6,19
Q362332,32,12,44
Q362353,26,1,27
Q362500,16,14,30
Q362559,13,6,19
Q362616,15,7,22
Q362697,10,6,16
Q362793,15,1,16
Q362824,17,12,29
Q362876,8,1,9
Q363019,19,0,19
Q363117,16,8,24
Q363231,0,8,8
Q363241,13,7,20
Q363271,17,10,27
Q363386,22,6,28
Q363400,14,7,21
Q363402,17,12,29
Q363413,16,11,27
Q363518,15,6,21
Q363653,11,5,16
Q363659,0,5,5
Q363666,15,6,21
Q363691,14,6,20
Q363698,25,3,28
Q363810,32,4,36
Q363989,18,6,24
Q364017,14,24,38
Q364131,21,0,21
Q364135,20,5,25
Q364342,21,10,31
Q364421,12,0,12
Q364631,12,0,12
Q364698,6,1,7
Q364864,26,1,27
Q364873,21,1,22
Q364875,31,1,32
Q364881,36,4,40
Q364884,11,0,11
Q365023,17,12,29
Q365042,24,0,24
Q365090,19,1,20
Q365199,27,1,28
Q365230,16,18,34
Q365310,14,2,16
Q365633,15,3,18
Q365844,20,11,31
Q366113,18,4,22
Q366322,13,5,18
Q366563,23,2,25
Q366580,1,0,1
Q366584,17,4,21
Q366643,18,2,20
Q366700,20,1,21
Q366804,17,0,17
Q366834,24,3,27
Q366876,14,5,19
Q366956,21,0,21
Q366959,4,2,6
Q367032,26,6,32
Q367073,24,3,27
Q367084,15,0,15
Q367094,21,7,28
Q367155,20,9,29
Q367466,12,12,24
Q367691,12,2,14
Q367813,15,9,24
Q368037,13,7,20
Q368045,8,2,10
Q368085,9,12,21
Q368091,18,0,18
Q368215,7,12,19
Q368290,5,36,41
Q368493,9,5,14
Q368500,4,0,4
Q368561,0,3,3
Q368794,15,6,21
Q368831,22,2,24
Q368913,15,5,20
Q369174,14,1,15
Q369175,16,7,23
Q369190,19,0,19
Q369195,6,8,14
Q369292,14,4,18
Q369388,24,1,25
Q369424,19,3,22
Q369482,19,5,24
Q369492,35,0,35
Q369706,6,1,7
Q369717,17,6,23
Q369747,3,122,125
Q369786,3,5,8
Q369900,32,0,32
Q370102,11,9,20
Q370217,0,4,4
Q370400,12,1,13
Q370515,5,2,7
Q370619,11,1,12
Q370654,9,3,12
Q370712,5,0,5
Q370765,16,7,23
Q370862,2,5,7
Q370915,2,6,8
Q370918,16,13,29
Q371395,3,0,3
Q371400,10,4,14
Q371430,11,10,21
Q371625,5,14,19
Q371732,4,8,12
Q371782,15,0,15
Q371786,10,8,18
Q371938,15,1,16
Q371972,13,7,20
Q371986,20,0,20
Q372073,22,5,27
Q372103,11,0,11
Q372123,28,12,40
Q372256,15,4,19
Q372311,33,20,53
Q372394,21,6,27
Q372436,2,44,46
Q372454,5,0,5
Q372489,14,0,14
Q372514,37,1,38
Q372559,10,1,11
Q372599,3,2,5
Q372608,14,5,19
Q372613,11,5,16
Q372654,13,10,23
Q372701,4,17,21
Q372788,20,5,25
Q372796,0,5,5
Q372893,2,11,13
Q372921,14,2,16
Q372947,9,8,17
Q372959,41,0,41
Q373034,13,5,18
Q373096,28,0,28
Q373115,0,3,3
Q373128,17,5,22
Q373160,2,3,5
Q373232,2,3,5
Q373267,38,0,38
Q373303,7,11,18
Q373342,2,47,49
Q373429,0,5,5
Q373501,16,6,22
Q373709,1,0,1
Q373836,0,4,4
Q373895,45,9,54
Q373933,6,0,6
Q373968,19,9,28
Q373976,14,10,24
Q373989,15,12,27
Q374065,23,10,33
Q374093,14,9,23
Q374254,3,0,3
Q374273,15,5,20
Q374346,16,9,25
Q374365,7,2,9
Q374447,9,11,20
Q374586,11,10,21
Q374610,0,5,5
Q374624,5,5,10
Q374678,0,9,9
Q374747,11,0,11
Q374754,22,5,27
Q374979,3,2,5
Q375108,5,2,7
Q375314,10,0,10
Q375336,3,24,27
Q375419,18,2,20
Q375590,21,8,29
Q375606,11,2,13
Q375792,32,0,32
Q375816,0,6,6
Q375855,32,1,33
Q375990,4,5,9
Q376031,11,7,18
Q376107,13,11,24
Q376130,14,7,21
Q376131,17,12,29
Q376138,9,5,14
Q376144,34,0,34
Q376150,3,189,192
Q376176,19,6,25
Q376563,9,3,12
Q376635,3,0,3
Q376736,9,6,15
Q376749,7,0,7
Q376807,38,1,39
Q376834,6,13,19
Q376880,2,0,2
Q376981,13,5,18
Q377072,11,7,18
Q377293,8,18,26
Q377317,4,14,18
Q377424,13,10,23
Q377453,0,5,5
Q377662,12,8,20
Q377789,21,1,22
Q377903,16,2,18
Q377910,5,4,9
Q378311,34,1,35
Q378422,4,5,9
Q378427,2,79,81
Q378527,10,4,14
Q378567,8,1,9
Q378670,4,5,9
Q378672,15,6,21
Q378858,33,0,33
Q378913,21,0,21
Q378988,4,15,19
Q379052,7,6,13
Q379157,13,3,16
Q379171,22,1,23
Q379202,4,4,8
Q379604,16,2,18
Q379671,5,10,15
Q379808,10,11,21
Q379811,14,6,20
Q379852,7,0,7
Q379873,49,3,52
Q379877,35,0,35
Q379994,31,0,31
Q380093,0,8,8
Q380113,17,3,20
Q380237,18,3,21
Q380272,28,15,43
Q380340,3,12,15
Q380381,22,3,25
Q380515,0,4,4
Q380519,23,0,23
Q380579,22,2,24
Q380608,11,16,27
Q380841,28,2,30
Q380848,34,0,34
Q380849,18,2,20
Q380856,19,10,29
Q380869,17,1,18
Q380884,20,6,26
Q380904,11,7,18
Q380920,21,6,27
Q380927,0,3,3
Q380981,50,1,51
Q381028,20,0,20
Q381203,19,12,31
Q381243,2,1,3
Q381285,18,9,27
Q381477,28,1,29
Q381545,7,5,12
Q381561,15,6,21
Q381664,10,6,16
Q381731,39,0,39
Q381751,37,1,38
Q381768,13,8,21
Q381791,9,8,17
Q381799,22,8,30
Q381807,9,10,19
Q381823,17,0,17
Q381841,8,5,13
Q381896,4,5,9
Q381934,15,0,15
Q381982,18,2,20
Q382036,23,4,27
Q382197,21,23,44
Q382257,16,1,17
Q382289,15,2,17
Q382295,13,8,21
Q382389,0,10,10
Q382420,20,3,23
Q382616,2,3,5
Q382780,3,7,10
Q382864,37,0,37
Q382882,16,0,16
Q382890,18,6,24
Q383064,8,5,13
Q383092,5,22,27
Q383434,5,0,5
Q383528,13,11,24
Q383590,3,2,5
Q383930,15,7,22
Q383982,5,3,8
Q384004,16,12,28
Q384397,33,0,33
Q384452,13,5,18
Q384464,4,2,6
Q384535,0,44,44
Q384593,0,5,5
Q384890,4,2,6
Q384930,8,10,18
Q385055,21,9,30
Q385058,17,5,22
Q385060,4,0,4
Q385158,8,6,14
Q385186,4,40,44
Q385365,10,1,11
Q385378,2,9,11
Q385452,6,1,7
Q385471,4,36,40
Q385558,3,1,4
Q385618,10,0,10
Q385669,5,1,6
Q386053,30,0,30
Q386120,7,5,12
Q386249,10,12,22
Q386291,41,0,41
Q386349,10,6,16
Q386724,7,8,15
Q386854,6,38,44
Q387047,5,86,91
Q387066,15,6,21
Q387312,3,0,3
Q387380,4,10,14
Q387539,9,19,28
Q387601,46,1,47
Q387638,48,0,48
Q387674,13,0,13
Q387943,14,1,15
Q388296,1,0,1
Q388319,39,0,39
Q388338,5,0,5
Q388360,48,0,48
Q388433,9,11,20
Q388557,14,8,22
Q388858,4,0,4
Q388906,4,1,5
Q388950,39,0,39
Q388972,3,0,3
Q388978,9,1,10
Q389261,4,0,4
Q389284,11,5,16
Q389336,6,77,83
Q389628,19,7,26
Q389636,3,6,9
Q389654,4,1,5
Q389735,5,24,29
Q389849,11,0,11
Q389879,3,0,3
Q390018,4,3,7
Q390047,11,1,12
Q390052,43,0,43
Q390063,48,0,48
Q390076,54,0,54
Q390097,53,0,53
Q390120,31,2,33
Q390141,10,1,11
Q390256,4,0,4
Q390583,6,4,10
Q390989,3,0,3
Q391028,27,6,33
Q391166,4,5,9
Q391172,38,0,38
Q391353,6,0,6
Q391359,14,9,23
Q391445,8,6,14
Q391542,42,2,44
Q391629,9,24,33
Q391698,2,6,8
Q391784,43,0,43
Q391969,9,0,9
Q392062,35,0,35
Q392156,3,8,11
Q392310,4,0,4
Q392355,33,0,33
Q392370,0,5,5
Q392441,34,0,34
Q392530,61,1,62
Q392565,3,6,9
Q392586,2,10,12
Q392599,11,4,15
Q392667,14,6,20
Q392696,18,0,18
Q392739,2,7,9
Q392904,18,0,18
Q392933,2,5,7
Q393159,2,5,7
Q393686,4,138,142
Q394067,3,15,18
Q394452,4,0,4
Q394474,4,1,5
Q394607,15,3,18
Q395205,25,6,31
Q395274,29,9,38
Q395411,24,0,24
Q395793,6,8,14
Q397343,6,2,8
Q397905,7,3,10
Q398939,6,6,12
Q399076,13,7,20
Q399495,0,5,5
Q399643,3,0,3
Q399823,27,0,27
Q399976,4,5,9
Q400007,6,85,91
Q400985,31,0,31
Q401976,38,1,39
Q402645,25,1,26
Q402913,6,3,9
Q402971,12,12,24
Q403714,5,1,6
Q403902,14,10,24
Q406039,2,2,4
Q406402,8,9,17
Q407184,46,1,47
Q407426,343,2,345
Q407699,72,3,75
Q408524,14,5,19
Q408535,11,3,14
Q408744,4,8,12
Q408804,3,5,8
Q409022,34,0,34
Q409468,11,0,11
Q412197,12,0,12
Q412366,210,0,210
Q412415,17,0,17
Q412443,12,2,14
Q412502,4,0,4
Q412643,11,5,16
Q414110,5,13,18
Q414147,0,18,18
Q414188,0,5,5
Q414574,14,6,20
Q415054,4,1,5
Q415588,5,0,5
Q417175,5,21,26
Q418151,4,6,10
Q418560,12,2,14
Q418736,10,0,10
Q418762,12,1,13
Q418817,14,0,14
Q419454,19,23,42
Q419466,16,2,18
Q420436,5,0,5
Q420822,9,2,11
Q420880,12,0,12
Q421094,7,0,7
Q421707,19,4,23
Q421713,13,2,15
Q421733,12,0,12
Q421960,7,5,12
Q421963,4,2,6
Q421970,0,5,5
Q421974,9,4,13
Q422232,19,0,19
Q422613,77,2,79
Q422658,237,2,239
Q423208,3,4,7
Q424017,5,1,6
Q424763,2,0,2
Q424984,3,3,6
Q425675,8,5,13
Q425772,11,3,14
Q425821,34,2,36
Q426025,1,4,5
Q426227,4,2,6
Q426316,8,2,10
Q426352,30,0,30
Q426396,32,0,32
Q426435,4,0,4
Q426513,3,0,3
Q426631,32,0,32
Q426695,5,0,5
Q426828,37,0,37
Q426837,19,0,19
Q427186,27,1,28
Q427425,10,1,11
Q427487,1,0,1
Q427529,16,1,17
Q427559,3,3,6
Q427611,6,15,21
Q428023,4,11,15
Q428047,1,13,14
Q428130,13,1,14
Q428152,0,4,4
Q428158,28,0,28
Q428211,4,1,5
Q428223,23,1,24
Q428551,37,0,37
Q428602,1,9,10
Q428750,14,9,23
Q428808,3,32,35
Q428819,18,9,27
Q429264,3,7,10
Q429319,7,1,8
Q429397,42,0,42
Q429557,19,1,20
Q429561,6,1,7
Q429619,8,6,14
Q429687,2,13,15
Q429700,4,2,6
Q429777,27,1,28
Q429863,15,0,15
Q429973,8,7,15
Q430035,2,8,10
Q430070,3,1,4
Q430267,8,4,12
Q430464,5,7,12
Q430525,3,0,3
Q430535,34,0,34
Q430776,0,6,6
Q430804,13,6,19
Q430910,9,24,33
Q430922,23,5,28
Q431191,21,8,29
Q431252,37,2,39
Q431289,5,13,18
Q431355,5,0,5
Q431356,12,13,25
Q431362,14,4,18
Q431415,2,2,4
Q431603,0,5,5
Q431611,13,3,16
Q432102,33,0,33
Q432152,7,1,8
Q432281,12,12,24
Q432357,10,5,15
Q432362,28,7,35
Q432385,12,7,19
Q432386,3,6,9
Q432437,19,6,25
Q432475,5,3,8
Q432552,19,0,19
Q432582,31,0,31
Q432598,16,10,26
Q432637,24,17,41
Q432638,18,5,23
Q432686,10,8,18
Q432845,9,12,21
Q432919,21,5,26
Q432940,9,6,15
Q433089,8,6,14
Q433106,14,4,18
Q433113,23,7,30
Q433157,9,6,15
Q433198,8,6,14
Q433417,29,6,35
Q433513,10,3,13
Q433520,12,11,23
Q433537,12,4,16
Q433692,15,5,20
Q433893,16,8,24
Q434014,9,5,14
Q434272,19,2,21
Q434291,24,10,34
Q434342,23,2,25
Q434497,12,1,13
Q434500,18,7,25
Q434585,27,9,36
Q434593,22,0,22
Q434694,18,7,25
Q434731,0,5,5
Q434762,5,1,6
Q434763,11,7,18
Q434766,5,0,5
Q434841,13,248,261
Q434915,0,3,3
Q435029,17,0,17
Q435034,18,1,19
Q435056,0,3,3
Q435241,15,0,15
Q435271,12,6,18
Q435312,9,5,14
Q435475,10,5,15
Q435681,16,0,16
Q435696,13,6,19
Q435789,23,0,23
Q435920,26,2,28
Q435965,22,0,22
Q436031,0,5,5
Q436125,11,6,17
Q436187,17,3,20
Q436223,13,7,20
Q436360,13,13,26
Q436451,10,5,15
Q436530,16,4,20
Q436584,10,5,15
Q436638,14,3,17
Q436686,0,5,5
Q436704,0,5,5
Q436712,30,1,31
Q436750,8,5,13
Q436789,12,5,17
Q436847,10,5,15
Q436996,29,6,35
Q437135,9,7,16
Q437255,24,0,24
Q437267,13,4,17
Q437449,9,5,14
Q437693,9,8,17
Q437752,33,6,39
Q437799,6,7,13
Q437970,16,1,17
Q438051,19,0,19
Q438164,63,8,71
Q438330,16,5,21
Q438406,118,2,120
Q438445,12,9,21
Q438472,18,4,22
Q438476,4,9,13
Q438503,5,15,20
Q438537,0,5,5
Q438628,4,3,7
Q438641,0,3,3
Q438908,9,8,17
Q439053,14,8,22
Q439163,12,5,17
Q439302,19,0,19
Q439315,29,3,32
Q439364,8,6,14
Q439438,12,8,20
Q439457,20,8,28
Q439536,8,7,15
Q439543,9,2,11
Q439778,19,6,25
Q439804,8,5,13
Q439853,12,5,17
Q439911,10,6,16
Q439939,12,2,14
Q439949,22,0,22
Q440100,52,1,53
Q440189,14,6,20
Q440283,16,0,16
Q440313,15,17,32
Q440728,14,8,22
Q440910,15,13,28
Q440926,13,7,20
Q441288,8,0,8
Q441685,12,6,18
Q441713,10,5,15
Q441888,26,5,31
Q441913,13,16,29
Q442207,18,0,18
Q442300,15,12,27
Q442309,20,5,25
Q442310,11,9,20
Q442547,9,11,20
Q442668,12,2,14
Q442879,22,3,25
Q443019,18,0,18
Q443044,8,6,14
Q443063,10,13,23
Q443110,9,5,14
Q443128,8,7,15
Q443317,21,5,26
Q443343,12,8,20
Q443440,18,1,19
Q443534,11,6,17
Q443585,17,2,19
Q443842,0,5,5
Q443852,8,1,9
Q443961,19,7,26
Q444210,12,1,13
Q444217,9,5,14
Q444312,12,3,15
Q444341,23,0,23
Q444344,9,10,19
Q444366,15,1,16
Q444392,13,4,17
Q444410,24,7,31
Q444429,8,5,13
Q444480,8,5,13
Q444947,12,5,17
Q445116,13,3,16
Q445125,13,10,23
Q445135,10,5,15
Q445146,10,5,15
Q445275,3,8,11
Q445302,19,1,20
Q445386,14,0,14
Q445438,22,0,22
Q445608,12,4,16
Q445638,12,6,18
Q445818,9,9,18
Q445995,10,5,15
Q446083,13,10,23
Q446089,11,6,17
Q446227,11,6,17
Q446427,28,4,32
Q446481,32,4,36
Q446493,18,3,21
Q446580,38,9,47
Q446717,21,9,30
Q446760,0,6,6
Q446941,0,5,5
Q446960,26,8,34
Q447022,20,5,25
Q447397,11,5,16
Q447614,15,8,23
Q447669,13,21,34
Q447713,17,6,23
Q447892,19,10,29
Q447933,11,10,21
Q447960,10,18,28
Q448235,14,0,14
Q448362,19,8,27
Q448416,6,5,11
Q448587,9,6,15
Q448604,14,5,19
Q448644,22,1,23
Q449030,21,0,21
Q449118,17,6,23
Q449220,16,8,24
Q449224,19,0,19
Q449238,11,10,21
Q449521,18,14,32
Q449531,11,9,20
Q449580,12,5,17
Q449602,14,6,20
Q449658,10,0,10
Q449679,17,16,33
Q449822,12,5,17
Q449863,12,3,15
Q449900,25,6,31
Q449947,11,3,14
Q449959,24,12,36
Q450022,21,4,25
Q450159,7,5,12
Q450219,12,5,17
Q450279,17,5,22
Q450374,8,4,12
Q450429,33,1,34
Q450720,12,8,20
Q451071,14,4,18
Q451076,24,0,24
Q451196,18,1,19
Q451272,21,0,21
Q451394,10,5,15
Q451501,17,4,21
Q451558,30,0,30
Q451603,33,0,33
Q451842,3,13,16
Q451880,13,5,18
Q451938,10,5,15
Q451967,0,5,5
Q451974,10,7,17
Q452019,10,6,16
Q452063,12,7,19
Q452283,4,5,9
Q452288,10,2,12
Q452411,18,0,18
Q452763,11,6,17
Q452788,10,5,15
Q452794,15,7,22
Q452979,0,5,5
Q452991,10,9,19
Q453406,29,0,29
Q453461,11,1,12
Q453549,11,6,17
Q453581,10,7,17
Q453724,9,7,16
Q453925,3,0,3
Q454010,33,0,33
Q454081,13,13,26
Q454088,16,3,19
Q454156,29,7,36
Q454200,21,2,23
Q454205,18,0,18
Q454231,12,4,16
Q454379,8,5,13
Q454398,35,1,36
Q454404,8,5,13
Q454494,9,7,16
Q454819,21,0,21
Q455188,14,6,20
Q455279,16,5,21
Q455394,8,7,15
Q455510,15,7,22
Q455545,12,1,13
Q455568,11,0,11
Q455723,13,0,13
Q455743,11,2,13
Q455749,9,9,18
Q455780,16,1,17
Q455781,13,2,15
Q455898,16,5,21
Q455939,10,0,10
Q455959,21,0,21
Q455971,4,0,4
Q455991,6,0,6
Q456017,30,0,30
Q456047,18,4,22
Q456291,11,5,16
Q456294,5,5,10
Q456329,13,6,19
Q456614,11,7,18
Q456685,2,15,17
Q456847,0,5,5
Q456862,18,1,19
Q456966,16,4,20
Q457163,6,0,6
Q457229,16,4,20
Q457250,16,2,18
Q457269,17,2,19
Q457281,28,10,38
Q457334,6,0,6
Q457395,10,6,16
Q457460,3,0,3
Q457493,22,8,30
Q457497,29,1,30
Q457727,18,0,18
Q457736,9,8,17
Q457864,21,1,22
Q457890,12,8,20
Q457893,9,40,49
Q457991,14,7,21
Q458252,10,5,15
Q458314,34,2,36
Q458393,32,1,33
Q458441,9,8,17
Q458464,17,2,19
Q458629,37,0,37
Q458646,7,1,8
Q458656,40,2,42
Q458658,29,5,34
Q458679,9,6,15
Q458696,0,6,6
Q458766,19,8,27
Q458784,9,6,15
Q458815,10,6,16
Q458833,13,0,13
Q459007,16,12,28
Q459057,35,0,35
Q459148,3,0,3
Q459177,0,5,5
Q459282,0,5,5
Q459290,3,18,21
Q459349,13,9,22
Q459384,11,15,26
Q459435,3,5,8
Q459464,5,0,5
Q459506,18,8,26
Q459600,4,0,4
Q459622,4,0,4
Q459638,7,7,14
Q459732,0,6,6
Q459786,13,8,21
Q459814,0,5,5
Q459902,5,0,5
Q459925,23,7,30
Q459933,0,5,5
Q460045,8,5,13
Q460090,20,2,22
Q460095,23,1,24
Q460144,10,9,19
Q460221,12,0,12
Q460277,14,26,40
Q460325,20,0,20
Q460361,13,0,13
Q460376,15,3,18
Q460457,17,7,24
Q460494,3,0,3
Q460523,5,15,20
Q460563,10,6,16
Q460572,11,8,19
Q460578,14,28,42
Q460664,32,0,32
Q460674,4,3,7
Q460684,0,5,5
Q460688,13,8,21
Q460852,19,1,20
Q460876,22,6,28
Q460898,9,7,16
Q460987,10,5,15
Q461003,27,2,29
Q461300,8,5,13
Q461309,13,11,24
Q461447,28,0,28
Q461529,9,35,44
Q461540,43,1,44
Q461595,4,3,7
Q461637,8,6,14
Q461682,39,1,40
Q461691,14,5,19
Q461761,6,5,11
Q461762,13,6,19
Q461768,28,0,28
Q461825,19,0,19
Q462161,9,6,15
Q462177,8,10,18
Q462184,7,3,10
Q462314,10,5,15
Q462327,17,3,20
Q462354,16,5,21
Q462418,32,1,33
Q462471,2,7,9
Q462799,11,20,31
Q462903,12,7,19
Q462905,13,0,13
Q462955,11,8,19
Q463055,3,9,12
Q463085,4,81,85
Q463101,32,2,34
Q463119,9,7,16
Q463165,7,0,7
Q463281,7,69,76
Q463285,8,6,14
Q463303,10,198,208
Q463313,49,1,50
Q463316,0,5,5
Q463397,18,10,28
Q463402,11,12,23
Q463407,13,5,18
Q463497,14,9,23
Q463606,8,6,14
Q463615,34,0,34
Q463617,14,0,14
Q463673,28,5,33
Q463692,14,5,19
Q463734,17,4,21
Q463781,0,6,6
Q463832,55,2,57
Q463883,23,0,23
Q463999,13,1,14
Q464014,35,1,36
Q464015,6,12,18
Q464032,27,0,27
Q464036,10,5,15
Q464042,29,0,29
Q464169,20,4,24
Q464213,19,1,20
Q464232,18,0,18
Q464238,9,0,9
Q464241,23,2,25
Q464251,20,0,20
Q464252,38,0,38
Q464282,16,8,24
Q464320,14,18,32
Q464348,11,0,11
Q464367,22,3,25
Q464425,14,11,25
Q464578,13,3,16
Q464612,17,7,24
Q464653,35,0,35
Q464744,11,11,22
Q464746,9,10,19
Q464749,9,2,11
Q464775,4,0,4
Q464932,17,5,22
Q464951,59,1,60
Q464955,9,7,16
Q464964,45,0,45
Q464995,2,0,2
Q465200,8,5,13
Q465224,7,1,8
Q465227,42,2,44
Q465275,42,1,43
Q465316,4,5,9
Q465442,22,6,28
Q465449,17,83,100
Q465478,35,0,35
Q465501,4,51,55
Q465517,16,6,22
Q465607,33,0,33
Q465613,1,11,12
Q465636,26,0,26
Q465646,30,0,30
Q465695,20,0,20
Q465754,14,5,19
Q465774,11,9,20
Q465826,22,3,25
Q465830,17,2,19
Q465859,17,3,20
Q465863,22,4,26
Q465914,11,5,16
Q465977,26,2,28
Q465978,8,14,22
Q466051,12,5,17
Q466063,16,1,17
Q466089,9,30,39
Q466127,20,1,21
Q466186,29,2,31
Q466190,7,1,8
Q466254,13,5,18
Q466297,39,0,39
Q466302,16,0,16
Q466320,22,10,32
Q466339,7,6,13
Q466358,24,1,25
Q466361,13,6,19
Q466423,32,0,32
Q466436,29,0,29
Q466459,14,29,43
Q466502,23,2,25
Q466508,0,4,4
Q466514,29,0,29
Q466586,3,2,5
Q466593,18,1,19
Q466611,51,0,51
Q466649,6,5,11
Q466680,13,0,13
Q466781,59,0,59
Q466959,26,0,26
Q466961,26,1,27
Q467011,0,5,5
Q467025,3,0,3
Q467053,55,1,56
Q467076,47,2,49
Q467223,11,0,11
Q467348,6,16,22
Q467362,13,7,20
Q467423,20,1,21
Q467496,6,7,13
Q467500,14,10,24
Q467502,11,8,19
Q467519,41,6,47
Q467526,0,2,2
Q467561,13,2,15
Q467582,35,0,35
Q467635,5,10,15
Q467664,9,0,9
Q467693,16,0,16
Q467749,9,2,11
Q467752,14,6,20
Q467973,16,1,17
Q468028,11,3,14
Q468033,42,0,42
Q468241,14,8,22
Q468339,20,3,23
Q468442,19,11,30
Q468478,2,5,7
Q468484,62,0,62
Q468557,7,7,14
Q468565,21,0,21
Q468700,29,0,29
Q468811,10,5,15
Q468865,9,14,23
Q468877,35,1,36
Q468915,8,8,16
Q469482,9,0,9
Q469576,3,5,8
Q469624,53,1,54
Q469795,12,10,22
Q469945,18,5,23
Q469999,3,0,3
Q470005,19,7,26
Q470040,25,1,26
Q470073,42,0,42
Q470104,14,4,18
Q470190,20,1,21
Q470251,15,5,20
Q470260,17,4,21
Q470273,5,3,8
Q470282,22,3,25
Q470560,37,0,37
Q470572,42,0,42
Q470591,18,6,24
Q470665,36,0,36
Q470759,19,1,20
Q470771,36,1,37
Q470779,19,2,21
Q470818,18,2,20
Q470891,32,0,32
Q471003,15,10,25
Q471018,14,9,23
Q471103,11,0,11
Q471128,11,5,16
Q471157,8,7,15
Q471159,57,0,57
Q471215,19,11,30
Q471423,21,0,21
Q471619,15,2,17
Q471690,12,13,25
Q471716,53,0,53
Q471746,36,0,36
Q471839,5,228,233
Q471842,41,0,41
Q471879,11,1,12
Q471921,11,7,18
Q472051,36,2,38
Q472058,9,5,14
Q472282,9,2,11
Q472311,0,5,5
Q472316,17,3,20
Q472361,56,0,56
Q472504,10,13,23
Q472520,13,5,18
Q472595,9,8,17
Q472600,32,0,32
Q472675,12,4,16
Q472752,3,0,3
Q473209,4,0,4
Q473248,11,9,20
Q473466,8,3,11
Q473475,8,6,14
Q473599,4,0,4
Q474027,3,4,7
Q474033,47,0,47
Q474082,30,0,30
Q474093,53,0,53
Q474200,10,13,23
Q474605,7,2,9
Q474655,4,6,10
Q475221,5,1,6
Q475293,35,0,35
Q475559,14,0,14
Q475618,11,0,11
Q475646,6,13,19
Q475689,3,4,7
Q475730,16,0,16
Q476028,2,604,606
Q476115,2,0,2
Q476300,1,4,5
Q476726,60,0,60
Q476921,3,29,32
Q476983,3,2,5
Q477047,0,15,15
Q477070,26,0,26
Q477452,3,0,3
Q477865,35,0,35
Q477965,28,0,28
Q477993,9,0,9
Q478302,5,1,6
Q478317,4,0,4
Q478360,21,2,23
Q478371,43,2,45
Q478626,37,0,37
Q478748,35,1,36
Q478750,3,0,3
Q478780,39,1,40
Q478850,4,7,11
Q479351,5,0,5
Q480319,3,9,12
Q481832,23,17,40
Q482368,0,8,8
Q482406,4,1,5
Q482436,30,0,30
Q482449,3,1,4
Q482477,0,6,6
Q482540,3,1,4
Q482562,5,2,7
Q482607,4,1,5
Q482617,3,0,3
Q482652,18,1,19
Q482657,6,3,9
Q482662,38,0,38
Q482907,98,6,104
Q482964,18,1,19
Q482980,7,76,83
Q482993,3,7,10
Q483020,8,5,13
Q483118,45,35,80
Q483148,22,15,37
Q483152,3,0,3
Q483203,49,8,57
Q483251,5,6,11
Q483325,53,4,57
Q483352,7,14,21
Q483379,30,6,36
Q483394,4,15,19
Q483407,25,8,33
Q483501,6,43,49
Q483507,27,1,28
Q483654,9,9,18
Q483718,27,8,35
Q483745,126,1,127
Q483752,127,1,128
Q483771,20,17,37
Q483802,27,6,33
Q483815,35,4,39
Q483856,7,0,7
Q483907,42,22,64
Q483938,6,1,7
Q483942,5,8,13
Q483958,7,3,10
Q483978,2,2,4
Q483994,1,2,3
Q484142,4,1,5
Q484151,4,0,4
Q484159,4,5,9
Q484170,5,24,29
Q484179,11,1,12
Q484188,1,31,32
Q484239,3,1,4
Q484247,6,2,8
Q484263,9,7,16
Q484294,8,5,13
Q484302,21,1,22
Q484330,0,5,5
Q484335,5,5,10
Q484340,11,3,14
Q484344,3,9,12
Q484346,7,2,9
Q484365,28,8,36
Q484385,4,5,9
Q484388,9,2,11
Q484391,6,5,11
Q484395,6,2,8
Q484398,5,5,10
Q484401,5,2,7
Q484404,3,6,9
Q484408,7,4,11
Q484418,5,3,8
Q484420,8,3,11
Q484427,13,4,17
Q484442,58,2,60
Q484464,10,1,11
Q484523,51,12,63
Q484536,3,0,3
Q484538,12,3,15
Q484548,9,2,11
Q484556,12,2,14
Q484583,3,1,4
Q484591,5,3,8
Q484615,27,11,38
Q484641,5,129,134
Q484652,3,61,64
Q484678,13,26,39
Q484761,4,4,8
Q484779,22,14,36
Q484876,6,12,18
Q484881,28,2,30
Q484940,117,1,118
Q484948,9,6,15
Q484963,4,4,8
Q484980,8,13,21
Q484993,5,0,5
Q485038,5,2,7
Q485087,5,10,15
Q485172,20,10,30
Q485176,8,25,33
Q485186,6,4,10
Q485188,7,0,7
Q485207,5,20,25
Q485220,0,5,5
Q485276,5,2,7
Q485277,103,1,104
Q485298,46,8,54
Q485310,37,7,44
Q485395,5,9,14
Q485408,7,2,9
Q485474,4,2,6
Q485502,11,2,13
Q485536,6,5,11
Q485544,1,0,1
Q485557,13,7,20
Q485561,7,4,11
Q485571,3,2,5
Q485600,7,3,10
Q485610,37,1,38
Q485625,12,0,12
Q485668,79,0,79
Q485673,5,1,6
Q485708,15,4,19
Q485716,7,29,36
Q485741,4,3,7
Q485746,5,2,7
Q485803,51,1,52
Q485808,4,2,6
Q485811,16,9,25
Q485893,9,4,13
Q485901,13,10,23
Q485983,36,3,39
Q486063,39,0,39
Q486103,12,6,18
Q486112,9,5,14
Q486156,9,0,9
Q486168,9,7,16
Q486229,8,4,12
Q486239,24,0,24
Q486263,3,5,8
Q486306,5,1,6
Q486309,5,1,6
Q486365,4,0,4
Q486398,6,4,10
Q486415,3,2,5
Q486439,8,6,14
Q486448,5,5,10
Q486459,14,0,14
Q486472,11,3,14
Q486479,9,2,11
Q486487,11,4,15
Q486507,6,4,10
Q486588,27,3,30
Q486609,27,3,30
Q486633,5,5,10
Q486740,21,7,28
Q486748,6,222,228
Q486822,33,1,34
Q486826,29,1,30
Q486839,5,3,8
Q486860,8,5,13
Q486868,7,8,15
Q486877,10,4,14
Q486883,12,5,17
Q486972,4,50,54
Q487069,15,1,16
Q487070,16,2,18
Q487090,7,10,17
Q487094,15,8,23
Q487119,6,6,12
Q487136,4,102,106
Q487181,30,4,34
Q487201,3,1,4
Q487315,6,4,10
Q487321,3,0,3
Q487382,0,5,5
Q487403,5,5,10
Q487447,19,1,20
Q487479,5,0,5
Q487548,9,6,15
Q487556,18,7,25
Q487564,7,4,11
Q487572,7,4,11
Q487578,7,3,10
Q487581,9,4,13
Q487596,3,10,13
Q487599,5,5,10
Q487605,9,3,12
Q487610,3,7,10
Q487616,4,5,9
Q487704,8,4,12
Q487907,18,3,21
Q487914,6,18,24
Q487965,3,5,8
Q487977,11,4,15
Q487978,56,0,56
Q487988,9,0,9
Q487999,9,10,19
Q488004,5,21,26
Q488041,36,0,36
Q488111,2,3,5
Q488125,8,6,14
Q488134,5,5,10
Q488205,7,404,411
Q488222,16,0,16
Q488260,15,1,16
Q488296,1,22,23
Q488335,10,3,13
Q488345,23,0,23
Q488376,30,0,30
Q488454,3,3,6
Q488488,4,5,9
Q488517,9,3,12
Q488523,9,1,10
Q488528,5,2,7
Q488531,8,3,11
Q488543,11,3,14
Q488645,3,108,111
Q488651,5,282,287
Q488653,5,3,8
Q488655,41,0,41
Q488659,17,9,26
Q488668,12,8,20
Q488672,5,5,10
Q488683,4,4,8
Q488690,8,3,11
Q488698,3,6,9
Q488701,14,4,18
Q488702,9,3,12
Q488723,10,6,16
Q488821,6,1,7
Q488826,5,3,8
Q488874,5,5,10
Q488912,3,3,6
Q488924,6,2,8
Q488925,9,11,20
Q488946,7,1,8
Q488947,10,0,10
Q488981,0,5,5
Q489174,9,6,15
Q489197,5,4,9
Q489255,7,1,8
Q489559,15,8,23
Q489576,7,1,8
Q489705,5,4,9
Q489709,7,0,7
Q489713,5,9,14
Q489801,8,6,14
Q489831,29,26,55
Q489856,15,5,20
Q489873,2,3,5
Q489951,14,9,23
Q490065,5,1,6
Q490077,9,3,12
Q490150,4,1,5
Q490190,3,1,4
Q490240,10,5,15
Q490347,13,7,20
Q490385,6,8,14
Q490427,0,5,5
Q490434,8,6,14
Q490441,9,2,11
Q490505,13,10,23
Q490584,10,8,18
Q490587,3,2,5
Q490595,3,0,3
Q490720,4,2,6
Q490732,5,3,8
Q490737,4,1,5
Q490744,14,3,17
Q490908,7,3,10
Q490914,13,2,15
Q490920,10,4,14
Q490946,1,4,5
Q490994,4,2,6
Q491046,4,3,7
Q491099,6,2,8
Q491114,6,1,7
Q491128,5,2,7
Q491132,0,5,5
Q491148,5,2,7
Q491158,2,0,2
Q491201,7,3,10
Q491239,7,6,13
Q491252,29,0,29
Q491264,23,9,32
Q491350,5,3,8
Q491461,7,0,7
Q491540,4,4,8
Q491766,0,5,5
Q491775,15,7,22
Q491800,34,0,34
Q491954,4,5,9
Q492176,14,6,20
Q492214,42,0,42
Q492238,13,6,19
Q492264,1,92,93
Q492318,21,1,22
Q492321,16,4,20
Q492327,14,6,20
Q492342,10,2,12
Q492346,7,4,11
Q492355,7,1,8
Q492467,12,3,15
Q492478,7,2,9
Q492560,1,3,4
Q492705,2,8,10
Q492789,14,9,23
Q493222,3,1,4
Q493236,4,6,10
Q493255,2,3,5
Q493261,6,2,8
Q493340,12,1,13
Q493378,4,20,24
Q493443,5,2,7
Q493522,0,5,5
Q493605,6,2,8
Q493715,6,2,8
Q493755,32,0,32
Q493787,17,1,18
Q493794,9,0,9
Q493840,12,2,14
Q494048,62,0,62
Q494077,0,5,5
Q494085,38,0,38
Q494093,8,1,9
Q494104,6,4,10
Q494117,11,3,14
Q494121,7,4,11
Q494134,5,3,8
Q494146,0,5,5
Q494152,8,3,11
Q494167,4,6,10
Q494174,5,5,10
Q494186,6,2,8
Q494192,8,7,15
Q494207,5,5,10
Q494211,0,5,5
Q494228,8,7,15
Q494230,2,4,6
Q494233,4,5,9
Q494244,57,0,57
Q494248,6,4,10
Q494295,4,1,5
Q494541,5,5,10
Q494556,8,3,11
Q494560,4,2,6
Q494588,3,7,10
Q494614,7,0,7
Q494616,7,3,10
Q494624,10,4,14
Q494721,3,11,14
Q494722,37,2,39
Q494723,7,5,12
Q494835,11,8,19
Q494912,5,1,6
Q494917,12,0,12
Q494985,27,0,27
Q495027,4,0,4
Q495142,1,4,5
Q495154,1,4,5
Q495299,4,5,9
Q495310,7,8,15
Q495315,6,5,11
Q495321,12,4,16
Q495332,3,1,4
Q495340,0,5,5
Q495359,7,3,10
Q495361,6,2,8
Q495369,0,5,5
Q495373,8,2,10
Q495377,9,5,14
Q495393,5,6,11
Q495398,0,5,5
Q495409,6,6,12
Q495487,12,5,17
Q495549,13,4,17
Q495588,9,4,13
Q495633,6,3,9
Q495645,12,2,14
Q495649,3,7,10
Q495658,10,4,14
Q495682,5,2,7
Q495738,6,3,9
Q495813,16,3,19
Q495929,3,3,6
Q495974,9,8,17
Q495998,6,7,13
Q496065,15,0,15
Q496207,11,3,14
Q496255,25,1,26
Q496381,7,0,7
Q496511,7,4,11
Q496523,3,35,38
Q496548,8,7,15
Q496607,2,1,3
Q496654,47,0,47
Q496734,24,0,24
Q496862,11,4,15
Q496886,8,8,16
Q496900,5,8,13
Q496967,3,36,39
Q497036,7,14,21
Q497075,10,8,18
Q497155,11,60,71
Q497172,9,2,11
Q497200,8,2,10
Q497216,6,2,8
Q497256,39,0,39
Q497262,28,0,28
Q497311,34,0,34
Q497334,3,0,3
Q497695,9,5,14
Q497702,7,4,11
Q497788,9,4,13
Q497793,10,0,10
Q497795,4,3,7
Q497810,9,3,12
Q497845,5,3,8
Q497851,12,6,18
Q497928,9,5,14
Q497989,3,1,4
Q498024,10,7,17
Q498034,5,3,8
Q498109,35,0,35
Q498155,3,1,4
Q498162,6,15,21
Q498163,10,6,16
Q498263,12,6,18
Q498276,3,2,5
Q498375,30,2,32
Q498389,25,10,35
Q498420,9,11,20
Q498430,0,4,4
Q498473,5,1,6
Q498496,3,19,22
Q498526,15,5,20
Q498820,9,4,13
Q498822,29,1,30
Q498825,4,1,5
Q498867,44,0,44
Q498906,33,1,34
Q498910,54,1,55
Q498940,12,5,17
Q499097,12,4,16
Q499169,10,0,10
Q499189,5,4,9
Q499196,7,4,11
Q499203,7,4,11
Q499451,21,19,40
Q499510,15,2,17
Q499544,5,6,11
Q499633,30,0,30
Q499644,15,13,28
Q499656,44,1,45
Q499789,4,19,23
Q499887,11,1,12
Q499911,11,1,12
Q499927,2,1,3
Q500088,17,22,39
Q500093,28,1,29
Q500155,10,3,13
Q500312,1,1,2
Q500416,0,5,5
Q500460,37,0,37
Q500569,7,2,9
Q500606,16,2,18
Q500776,5,2,7
Q500871,7,2,9
Q500933,3,2,5
Q500992,5,3,8
Q501014,9,3,12
Q501029,7,5,12
Q501043,11,3,14
Q501058,10,22,32
Q501067,4,6,10
Q501070,7,3,10
Q501123,0,6,6
Q501170,12,3,15
Q501256,3,6,9
Q501273,37,15,52
Q501277,5,5,10
Q501284,6,4,10
Q501292,8,4,12
Q501319,9,2,11
Q501323,4,6,10
Q501338,9,7,16
Q501340,3,5,8
Q501345,10,5,15
Q501350,8,2,10
Q501473,1,0,1
Q501476,11,15,26
Q501559,5,5,10
Q501602,5,2,7
Q501663,7,1,8
Q501693,3,0,3
Q501703,41,0,41
Q501750,10,7,17
Q501758,27,9,36
Q501761,10,4,14
Q501766,8,2,10
Q501785,5,8,13
Q501796,8,2,10
Q501800,5,2,7
Q501866,0,5,5
Q501995,35,0,35
Q501996,26,5,31
Q502067,48,0,48
Q502091,24,1,25
Q502128,11,6,17
Q502189,36,0,36
Q502200,7,2,9
Q502213,8,3,11
Q502250,6,4,10
Q502257,8,4,12
Q502269,1,4,5
Q502273,5,3,8
Q502294,8,3,11
Q502314,13,7,20
Q502411,4,2,6
Q502414,5,7,12
Q502424,8,5,13
Q502451,9,2,11
Q502459,8,11,19
Q502463,10,2,12
Q502468,6,5,11
Q502564,5,5,10
Q502592,6,2,8
Q502732,3,7,10
Q502886,3,0,3
Q502908,29,0,29
Q502923,30,1,31
Q502940,12,3,15
Q502957,17,5,22
Q503013,12,4,16
Q503023,2,0,2
Q503027,22,8,30
Q503034,43,13,56
Q503095,26,10,36
Q503119,26,1,27
Q503246,7,96,103
Q503264,26,0,26
Q503308,9,0,9
Q503313,36,1,37
Q503321,4,0,4
Q503331,8,6,14
Q503336,3,1,4
Q503415,27,8,35
Q503419,29,15,44
Q503424,14,9,23
Q503473,16,1,17
Q503545,16,5,21
Q503638,29,2,31
Q503706,18,6,24
Q503710,16,0,16
Q503720,15,5,20
Q503767,12,6,18
Q503889,3,6,9
Q503966,11,6,17
Q503997,30,9,39
Q504053,61,1,62
Q504078,15,1,16
Q504114,11,4,15
Q504157,32,0,32
Q504298,2,37,39
Q504309,4,1,5
Q504329,4,2,6
Q504339,3,1,4
Q504360,6,2,8
Q504430,11,5,16
Q504503,0,5,5
Q504530,7,2,9
Q504635,2,3,5
Q504697,37,0,37
Q504720,16,11,27
Q504722,15,5,20
Q504775,3,12,15
Q504805,20,8,28
Q504863,0,5,5
Q504962,8,1,9
Q505114,12,0,12
Q505119,3,0,3
Q505141,20,2,22
Q505275,7,8,15
Q505353,10,0,10
Q505449,41,10,51
Q505498,11,0,11
Q505549,7,8,15
Q505790,36,1,37
Q505898,25,1,26
Q505940,17,14,31
Q506014,12,2,14
Q506015,9,1,10
Q506124,8,6,14
Q506202,1,4,5
Q506215,8,3,11
Q506230,5,2,7
Q506240,8,25,33
Q506302,12,0,12
Q506325,4,2,6
Q506351,3,3,6
Q506369,8,9,17
Q506398,7,4,11
Q506446,4,10,14
Q506451,4,3,7
Q506554,28,0,28
Q506565,38,5,43
Q506616,8,5,13
Q506661,30,0,30
Q506670,12,2,14
Q506680,6,6,12
Q506752,5,6,11
Q506778,13,7,20
Q506885,28,10,38
Q506888,10,0,10
Q507057,0,25,25
Q507122,11,0,11
Q507189,13,4,17
Q507256,6,2,8
Q507269,11,2,13
Q507306,1,14,15
Q507322,0,6,6
Q507327,15,3,18
Q507443,1,7,8
Q507488,7,2,9
Q507490,20,1,21
Q507640,12,2,14
Q507770,7,4,11
Q507863,7,0,7
Q508043,10,7,17
Q508166,1,4,5
Q508184,1,4,5
Q508232,0,6,6
Q508280,11,5,16
Q508359,11,5,16
Q508404,12,10,22
Q508406,5,0,5
Q508412,18,1,19
Q508428,10,13,23
Q508554,3,1,4
Q508660,11,24,35
Q508841,28,1,29
Q508871,11,11,22
Q509013,8,6,14
Q509025,32,1,33
Q509026,8,5,13
Q509050,10,0,10
Q509117,9,6,15
Q509219,10,7,17
Q509256,28,0,28
Q509671,9,5,14
Q509913,22,0,22
Q509926,6,5,11
Q509948,8,11,19
Q510122,0,5,5
Q510175,10,19,29
Q510244,5,2,7
Q510487,1,14,15
Q510769,8,9,17
Q511025,7,13,20
Q511074,41,0,41
Q511150,1,4,5
Q511164,13,3,16
Q511230,0,3,3
Q511347,32,0,32
Q511554,15,8,23
Q511647,3,6,9
Q511731,8,27,35
Q511849,4,1,5
Q511876,11,5,16
Q511922,5,2,7
Q511964,4,3,7
Q512187,4,36,40
Q512191,1,8,9
Q512314,3,14,17
Q512376,8,7,15
Q512475,45,0,45
Q512751,12,5,17
Q512818,10,5,15
Q512858,9,23,32
Q512925,4,2,6
Q512951,6,5,11
Q512986,8,5,13
Q513658,8,1,9
Q513712,8,5,13
Q513809,13,0,13
Q513840,3,1,4
Q513849,8,16,24
Q513939,10,5,15
Q513994,6,1,7
Q514170,12,0,12
Q514311,6,10,16
Q514416,25,1,26
Q514445,3,31,34
Q514527,17,15,32
Q514728,8,6,14
Q514913,15,13,28
Q514985,13,0,13
Q515095,20,11,31
Q515161,12,12,24
Q515274,22,6,28
Q515415,0,5,5
Q515621,52,0,52
Q515632,46,10,56
Q515837,6,7,13
Q515869,10,49,59
Q515883,24,0,24
Q515931,34,0,34
Q516390,18,0,18
Q516479,5,1,6
Q516630,14,6,20
Q516645,7,6,13
Q516690,14,11,25
Q516947,6,0,6
Q517137,16,11,27
Q517265,30,0,30
Q517337,8,1,9
Q517379,13,6,19
Q517386,3,7,10
Q517415,3,1,4
Q517831,9,1,10
Q518101,12,10,22
Q518127,39,0,39
Q518589,32,0,32
Q518675,189,109,298
Q518868,13,15,28
Q519273,20,0,20
Q519427,16,4,20
Q519473,9,0,9
Q519490,27,0,27
Q519592,33,0,33
Q519821,15,0,15
Q520346,19,1,20
Q520445,7,9,16
Q520549,4,4,8
Q520611,1,0,1
Q520651,9,10,19
Q521221,22,6,28
Q521227,2,6,8
Q521387,32,1,33
Q521400,13,0,13
Q521718,9,1,10
Q522057,20,14,34
Q522389,24,1,25
Q522618,7,4,11
Q522856,19,5,24
Q523184,7,0,7
Q523210,4,8,12
Q523240,12,3,15
Q523926,3,112,115
Q523957,4,3,7
Q524233,6,2,8
Q524278,18,14,32
Q524544,0,4,4
Q524711,16,0,16
Q524778,5,0,5
Q524980,0,6,6
Q525065,12,9,21
Q525128,42,0,42
Q525304,13,9,22
Q525314,12,0,12
Q525318,14,9,23
Q525415,27,0,27
Q525495,3,0,3
Q525508,9,0,9
Q525970,17,3,20
Q526035,14,1,15
Q526106,14,1,15
Q526173,12,2,14
Q526218,12,0,12
Q526359,13,3,16
Q526468,12,8,20
Q526620,24,11,35
Q526960,4,0,4
Q527303,16,7,23
Q527316,8,0,8
Q527398,5,0,5
Q527462,23,3,26
Q527464,0,5,5
Q527735,19,6,25
Q527853,22,0,22
Q527916,12,0,12
Q528095,40,1,41
Q528126,14,7,21
Q528145,0,5,5
Q528231,12,3,15
Q528379,8,2,10
Q528496,12,0,12
Q528527,17,4,21
Q528663,25,1,26
Q528752,9,4,13
Q529165,3,2,5
Q529207,22,1,23
Q529470,7,0,7
Q529605,1,6,7
Q529849,18,7,25
Q529851,11,5,16
Q530008,2,5,7
Q530348,2,0,2
Q530362,11,1,12
Q530384,11,6,17
Q530646,11,8,19
Q530923,19,36,55
Q531195,9,6,15
Q531461,21,1,22
Q531599,23,21,44
Q531624,16,1,17
Q531869,24,5,29
Q532169,12,8,20
Q532264,28,0,28
Q532711,0,6,6
Q532715,13,6,19
Q532944,13,4,17
Q533235,7,0,7
Q533284,23,0,23
Q533481,10,5,15
Q533501,3,0,3
Q533534,11,8,19
Q533547,7,5,12
Q533674,2,9,11
Q533697,5,10,15
Q534006,10,8,18
Q534151,26,0,26
Q534224,9,5,14
Q534419,31,2,33
Q534536,5,5,10
Q534643,13,2,15
Q534785,15,0,15
Q534915,10,11,21
Q535081,25,0,25
Q535395,46,0,46
Q535507,15,8,23
Q535967,15,5,20
Q536282,6,1,7
Q536322,29,0,29
Q536437,20,13,33
Q536749,7,1,8
Q536964,8,11,19
Q537407,45,3,48
Q537749,6,1,7
Q537750,2,0,2
Q537849,7,0,7
Q538438,32,0,32
Q538696,13,0,13
Q539051,29,10,39
Q539156,20,0,20
Q539374,3,0,3
Q539718,13,24,37
Q539917,27,5,32
Q539955,22,0,22
Q540389,15,2,17
Q540510,16,4,20
Q540590,5,9,14
Q540608,30,6,36
Q540613,19,4,23
Q540655,16,0,16
Q540672,20,4,24
Q540784,25,4,29
Q540787,19,1,20
Q540912,3,5,8
Q540977,3,16,19
Q541079,38,0,38
Q541143,10,7,17
Q541188,8,2,10
Q541304,12,7,19
Q541394,2,82,84
Q541535,10,6,16
Q541554,13,3,16
Q541621,12,0,12
Q542003,15,9,24
Q542069,17,8,25
Q542146,0,5,5
Q542167,9,8,17
Q542367,9,0,9
Q542414,15,2,17
Q542475,3,13,16
Q542484,24,2,26
Q542634,22,6,28
Q542703,3,2,5
Q542810,10,6,16
Q542816,13,6,19
Q543171,8,0,8
Q543457,1,3,4
Q543498,9,8,17
Q543563,0,6,6
Q543581,41,1,42
Q543637,22,6,28
Q543697,13,6,19
Q543729,20,11,31
Q543762,12,4,16
Q543804,14,11,25
Q543832,9,0,9
Q543842,14,3,17
Q544024,5,0,5
Q544165,14,13,27
Q544276,5,0,5
Q544352,1,0,1
Q544387,46,13,59
Q544465,27,21,48
Q544664,21,0,21
Q544692,13,9,22
Q544731,4,1,5
Q544830,0,10,10
Q544890,6,4,10
Q545073,9,6,15
Q545172,22,5,27
Q545205,0,6,6
Q545216,9,8,17
Q545303,22,0,22
Q545351,0,5,5
Q545357,9,5,14
Q545394,17,15,32
Q545449,6,23,29
Q545573,18,4,22
Q545599,0,5,5
Q545634,13,4,17
Q545924,16,6,22
Q545970,1,4,5
Q546204,18,6,24
Q546264,4,5,9
Q546359,4,3,7
Q546635,7,1,8
Q546829,22,0,22
Q546881,4,2,6
Q547137,6,10,16
Q547189,37,1,38
Q547272,7,0,7
Q547310,11,9,20
Q547373,17,1,18
Q547744,14,2,16
Q547795,8,5,13
Q547811,9,5,14
Q547867,9,0,9
Q548148,22,0,22
Q548389,43,60,103
Q548664,10,2,12
Q549012,30,0,30
Q549017,15,5,20
Q549546,4,6,10
Q549570,20,26,46
Q549727,8,12,20
Q549884,36,38,74
Q549942,20,5,25
Q549981,31,2,33
Q550196,41,0,41
Q550219,0,6,6
Q550381,18,4,22
Q550426,21,5,26
Q550558,51,0,51
Q550581,31,0,31
Q550653,12,5,17
Q550717,24,5,29
Q550837,11,5,16
Q550928,12,13,25
Q551239,8,12,20
Q551478,32,1,33
Q551558,9,5,14
Q551762,42,1,43
Q551828,11,11,22
Q551835,0,5,5
Q551861,21,7,28
Q552026,13,5,18
Q552031,11,6,17
Q552036,25,0,25
Q552085,10,3,13
Q552090,8,4,12
Q552470,1,4,5
Q552806,16,5,21
Q552819,38,1,39
Q552889,8,8,16
Q552900,14,3,17
Q553234,12,5,17
Q553276,33,2,35
Q553286,15,0,15
Q553813,9,5,14
Q554091,12,0,12
Q554218,10,5,15
Q555227,16,8,24
Q555236,17,5,22
Q555241,11,5,16
Q555370,23,1,24
Q555460,0,5,5
Q555487,29,5,34
Q555590,15,5,20
Q555910,13,0,13
Q556098,8,3,11
Q556502,9,5,14
Q556538,7,6,13
Q556573,5,5,10
Q556967,57,1,58
Q557206,3,10,13
Q557208,17,10,27
Q557387,6,14,20
Q557596,26,0,26
Q557632,7,58,65
Q557880,2,8,10
Q558109,0,4,4
Q558143,17,4,21
Q558334,4,3,7
Q558664,14,4,18
Q558922,8,14,22
Q558977,4,0,4
Q559270,8,0,8
Q559549,15,4,19
Q559819,20,2,22
Q559844,22,2,24
Q559893,27,1,28
Q560108,12,7,19
Q560163,16,11,27
Q560178,24,2,26
Q560286,30,7,37
Q560552,11,5,16
Q560865,7,5,12
Q560896,9,6,15
Q561068,3,28,31
Q561133,19,5,24
Q561401,24,2,26
Q561809,16,3,19
Q562063,17,5,22
Q562084,13,5,18
Q562251,9,5,14
Q562257,14,5,19
Q562337,24,0,24
Q562596,26,2,28
Q562675,8,8,16
Q562827,7,5,12
Q562973,17,6,23
Q563057,0,4,4
Q563177,17,12,29
Q564298,38,2,40
Q564612,5,2,7
Q564958,31,0,31
Q564960,9,15,24
Q565030,6,10,16
Q565231,20,1,21
Q565692,0,6,6
Q566037,12,5,17
Q566098,16,0,16
Q566885,14,7,21
Q566890,34,0,34
Q566905,3,52,55
Q566923,8,7,15
Q567577,43,0,43
Q567899,6,1,7
Q568133,30,0,30
Q568532,6,2,8
Q568610,0,5,5
Q568723,3,16,19
Q568941,0,5,5
Q569003,32,1,33
Q569028,21,0,21
Q569225,3,0,3
Q569350,0,5,5
Q569678,4,5,9
Q569979,1,7,8
Q569998,15,13,28
Q570116,2,18,20
Q570481,31,2,33
Q570652,39,0,39
Q570910,10,5,15
Q570921,6,1,7
Q570990,5,2,7
Q571032,63,0,63
Q571183,44,0,44
Q571197,32,0,32
Q571443,3,5,8
Q572004,16,5,21
Q572134,5,3,8
Q572165,42,0,42
Q572316,4,25,29
Q572335,5,1,6
Q572437,32,0,32
Q572811,3,5,8
Q572831,8,5,13
Q572838,8,2,10
Q572901,3,5,8
Q572903,44,0,44
Q572957,5,0,5
Q573108,5,1,6
Q573112,22,0,22
Q573164,16,8,24
Q573341,17,0,17
Q573484,3,1,4
Q573709,28,3,31
Q573743,17,2,19
Q573805,15,6,21
Q574057,26,0,26
Q574075,5,1,6
Q574190,10,5,15
Q574192,7,5,12
Q574452,9,0,9
Q574651,3,1,4
Q574998,32,0,32
Q575315,5,6,11
Q575355,5,2,7
Q575370,5,1,6
Q575618,4,3,7
Q575750,6,1,7
Q575795,14,2,16
Q575806,9,9,18
Q575917,14,1,15
Q576349,1,4,5
Q576359,0,5,5
Q576367,26,0,26
Q576505,48,0,48
Q576562,6,1,7
Q576671,5,6,11
Q576837,6,0,6
Q577757,36,1,37
Q577802,6,3,9
Q577878,7,1,8
Q577891,6,1,7
Q577945,4,6,10
Q577964,6,4,10
Q577975,15,0,15
Q577982,4,1,5
Q578109,6,576,582
Q578116,4,5,9
Q578170,8,51,59
Q578289,7,8,15
Q578301,0,6,6
Q578312,33,1,34
Q578344,37,1,38
Q578351,9,2,11
Q578478,11,1,12
Q579100,13,5,18
Q579209,17,0,17
Q579321,18,0,18
Q579550,9,5,14
Q579571,9,5,14
Q579611,13,4,17
Q579736,5,0,5
Q579757,50,0,50
Q579928,20,1,21
Q579962,5,0,5
Q579968,21,15,36
Q580182,10,0,10
Q580509,4,3,7
Q580574,2,6,8
Q580587,20,5,25
Q580716,28,1,29
Q580810,0,5,5
Q580866,7,1,8
Q581105,8,4,12
Q581501,40,1,41
Q581642,31,0,31
Q581714,5,3,8
Q581733,32,0,32
Q581859,35,0,35
Q581921,10,3,13
Q581964,37,0,37
Q582121,2,0,2
Q582147,36,0,36
Q582284,28,0,28
Q582610,0,6,6
Q582779,6,0,6
Q582979,18,0,18
Q583881,5,8,13
Q583972,5,34,39
Q584025,52,1,53
Q584221,16,1,17
Q584301,4,19,23
Q584316,4,0,4
Q584451,9,16,25
Q584629,3,0,3
Q584683,0,7,7
Q585087,0,5,5
Q585575,24,0,24
Q585643,8,32,40
Q585668,22,17,39
Q585758,56,0,56
Q585823,7,7,14
Q585828,11,2,13
Q586060,5,0,5
Q586140,7,28,35
Q586250,3,26,29
Q586320,14,0,14
Q586356,4,74,78
Q586679,2,7,9
Q586735,7,5,12
Q586762,6,6,12
Q586857,13,6,19
Q587027,1,3,4
Q587102,15,5,20
Q587361,27,3,30
Q587641,8,7,15
Q587707,38,0,38
Q587741,15,2,17
Q587891,41,0,41
Q588246,14,0,14
Q588420,64,0,64
Q588602,6,0,6
Q588834,5,6,11
Q589015,8,18,26
Q589183,0,12,12
Q589378,2,6,8
Q589410,3,0,3
Q589459,19,1,20
Q589460,4,3,7
Q589563,3,0,3
Q589797,8,6,14
Q589894,29,0,29
Q590102,6,0,6
Q590103,1,14,15
Q590208,5,23,28
Q590227,43,7,50
Q590252,29,0,29
Q590631,4,37,41
Q590643,11,2,13
Q590813,24,0,24
Q590870,8,34,42
Q591238,11,4,15
Q591270,0,5,5
Q591272,46,0,46
Q591556,40,0,40
Q591945,19,2,21
Q592060,2,0,2
Q592241,4,0,4
Q592330,3,1,4
Q592491,2,4,6
Q592669,2,6,8
Q593050,3,0,3
Q593098,6,87,93
Q593615,38,0,38
Q593644,3,10,13
Q593726,31,0,31
Q593768,6,43,49
Q594265,12,5,17
Q594738,10,5,15
Q594886,6,10,16
Q595595,39,1,40
Q595612,25,0,25
Q595693,21,10,31
Q595916,6,1,7
Q595998,13,14,27
Q596085,36,1,37
Q596137,15,1,16
Q596139,6,1,7
Q596294,5,15,20
Q596698,17,0,17
Q596779,15,0,15
Q596850,8,16,24
Q596984,30,0,30
Q597236,15,2,17
Q597239,61,0,61
Q597240,3,2,5
Q597250,4,0,4
Q597433,23,0,23
Q597526,7,9,16
Q597842,3,0,3
Q598178,10,6,16
Q598185,17,0,17
Q598344,23,0,23
Q598499,30,0,30
Q598593,5,0,5
Q598675,18,12,30
Q598841,13,0,13
Q598860,40,0,40
Q598929,3,24,27
Q598939,9,5,14
Q598983,23,1,24
Q599151,8,7,15
Q599274,8,8,16
Q599316,13,30,43
Q599356,3,0,3
Q599432,32,0,32
Q599434,2,5,7
Q599439,14,9,23
Q599558,3,20,23
Q599840,12,1,13
Q600018,2,6,8
Q600301,9,4,13
Q600344,19,7,26
Q600364,26,0,26
Q600393,17,0,17
Q601032,12,5,17
Q601235,5,2,7
Q601304,44,4,48
Q601521,18,0,18
Q601549,4,5,9
Q601661,10,5,15
Q602094,28,6,34
Q602256,27,0,27
Q602299,5,91,96
Q602358,7,1729,1736
Q602446,1,14,15
Q602866,4,78,82
Q602883,10,0,10
Q603034,12,0,12
Q603089,0,3,3
Q603271,4,0,4
Q603317,24,8,32
Q603633,4,0,4
Q603676,3,7,10
Q603696,44,0,44
Q604055,2,6,8
Q604083,42,0,42
Q604313,4,6,10
Q604370,1,51,52
Q604485,11,9,20
Q604524,19,1,20
Q604575,10,0,10
Q604581,4,0,4
Q604589,3,1,4
Q604725,1,13,14
Q604762,8,12,20
Q604769,21,6,27
Q604813,2,2,4
Q604879,3,0,3
Q605226,35,0,35
Q605233,8,2,10
Q605326,3,184,187
Q605388,5,1,6
Q605453,46,0,46
Q605592,4,5,9
Q605857,12,5,17
Q605977,8,0,8
Q606060,4,7,11
Q606162,5,0,5
Q606212,3,1,4
Q606215,15,5,20
Q606226,22,2,24
Q606393,3,0,3
Q606928,39,0,39
Q607179,36,0,36
Q607280,14,6,20
Q607295,6,0,6
Q607354,24,34,58
Q607514,10,1,11
Q607678,13,7,20
Q607793,12,1,13
Q607910,42,0,42
Q607939,3,0,3
Q608122,3,0,3
Q608130,5,1,6
Q608207,7,1,8
Q608338,9,0,9
Q608427,1,4,5
Q608709,16,10,26
Q608723,4,30,34
Q608988,5,0,5
Q609236,34,0,34
Q609274,25,0,25
Q609464,11,6,17
Q609646,7,1,8
Q609698,7,2,9
Q609977,3,10,13
Q610136,4,7,11
Q610152,0,5,5
Q610159,33,0,33
Q610339,24,0,24
Q610862,10,5,15
Q610903,20,27,47
Q610999,0,6,6
Q611043,30,0,30
Q611050,6,1,7
Q611346,3,7,10
Q611404,23,0,23
Q611672,39,5,44
Q611723,15,3,18
Q611885,3,0,3
Q612007,12,0,12
Q612024,3,4,7
Q612167,17,2,19
Q612471,10,0,10
Q612768,2,0,2
Q613408,4,29,33
Q613634,4,0,4
Q613931,3,0,3
Q614130,0,10,10
Q614200,15,0,15
Q614408,5,1,6
Q614661,6,9,15
Q614774,12,7,19
Q614864,36,0,36
Q615150,2,53,55
Q615403,1,1,2
Q615640,6,7,13
Q615682,28,15,43
Q615699,0,8,8
Q615873,11,2,13
Q615880,11,7,18
Q615944,34,3,37
Q616171,12,6,18
Q616541,0,3,3
Q616591,15,11,26
Q616679,6,0,6
Q616886,28,6,34
Q616957,3,0,3
Q616982,11,5,16
Q617240,7,2,9
Q617375,9,2,11
Q617395,20,0,20
Q617433,27,32,59
Q617690,9,7,16
Q617752,4,0,4
Q617827,2,1,3
Q617869,15,8,23
Q617942,31,0,31
Q618091,7,12,19
Q618123,0,9,9
Q618324,5,4,9
Q618329,13,0,13
Q618352,28,9,37
Q618520,4,0,4
Q618694,1,4,5
Q618779,7,168,175
Q619445,0,5,5
Q619610,1,6,7
Q620629,9,13,22
Q620640,9,0,9
Q620730,122,1,123
Q620731,26,1,27
Q621043,20,3,23
Q621080,3,0,3
Q621099,10,11,21
Q621259,3,1,4
Q621364,5,16,21
Q621490,17,20,37
Q621522,11,5,16
Q621529,37,0,37
Q621549,7,7,14
Q621587,30,0,30
Q621818,19,6,25
Q622137,17,1,18
Q622240,40,1,41
Q622291,1,2,3
Q622370,4,11,15
Q622432,3,0,3
Q622435,16,5,21
Q622441,4,6,10
Q622521,3,6,9
Q622548,3,27,30
Q622651,12,8,20
Q622664,27,9,36
Q622668,6,35,41
Q622742,41,0,41
Q622747,2,7,9
Q622763,22,5,27
Q622769,55,1,56
Q622807,4,31,35
Q622812,4,6,10
Q622813,3,4,7
Q622848,11,18,29
Q622871,6,0,6
Q622877,24,0,24
Q622947,7,6,13
Q623031,8,22,30
Q623268,4,0,4
Q623279,3,0,3
Q623336,29,2,31
Q623443,42,0,42
Q623502,34,0,34
Q623687,9,1,10
Q623724,31,1,32
Q624090,8,3,11
Q624232,3,12,15
Q624307,3,22,25
Q624477,7,13,20
Q624571,9,1,10
Q624603,34,0,34
Q624611,9,0,9
Q624614,25,0,25
Q624771,3,9,12
Q624806,25,1,26
Q624985,4,3,7
Q625130,4,0,4
Q625458,6,3,9
Q625568,2,13,15
Q625798,3,0,3
Q626035,2,6,8
Q626178,7,2,9
Q626591,8,1,9
Q627091,8,14,22
Q627271,9,3,12
Q627325,3,9,12
Q627436,3,13,16
Q627637,4,8,12
Q627778,6,76,82
Q627906,4,3,7
Q627969,26,0,26
Q628099,5,8,13
Q628139,35,0,35
Q628165,3,11,14
Q628249,7,1,8
Q628637,4,114,118
Q629088,4,8,12
Q629439,9,0,9
Q629596,30,1,31
Q629654,4,4,8
Q629696,17,17,34
Q629802,3,1,4
Q629975,43,0,43
Q630018,3,9,12
Q630132,27,0,27
Q630226,9,4,13
Q630728,10,7,17
Q630767,16,3,19
Q631066,18,1,19
Q631103,26,3,29
Q631194,6,0,6
Q631369,18,0,18
Q631402,9,1,10
Q631515,38,0,38
Q631915,5,5,10
Q632014,0,5,5
Q632323,12,30,42
Q632328,36,0,36
Q632487,2,9,11
Q632511,7,0,7
Q632559,11,10,21
Q632891,20,7,27
Q633521,4,1,5
Q633631,15,3,18
Q634019,8,7,15
Q634396,6,0,6
Q634574,9,5,14
Q634669,10,1,11
Q634684,8,9,17
Q634810,27,0,27
Q634829,5,0,5
Q634898,11,4,15
Q634951,2,1,3
Q635569,26,0,26
Q635632,47,0,47
Q635642,7,2,9
Q635654,4,0,4
Q635788,1,0,1
Q635924,29,0,29
Q635937,45,0,45
Q636043,33,1,34
Q636212,0,5,5
Q636303,17,0,17
Q636444,13,1,14
Q636664,8,11,19
Q637021,35,1,36
Q637180,44,0,44
Q637238,9,9,18
Q637290,36,0,36
Q637650,5,1,6
Q637771,5,2,7
Q637820,39,0,39
Q637842,25,0,25
Q637979,3,7,10
Q638187,6,4,10
Q638608,3,11,14
Q638859,9,5,14
Q638908,4,5,9
Q639182,5,3,8
Q639197,7,10,17
Q639202,4,0,4
Q639387,40,0,40
Q639408,5,4,9
Q639452,6,2,8
Q639481,43,0,43
Q639542,6,0,6
Q639560,8,0,8
Q639669,11,332,343
Q639928,4,5,9
Q640097,2,2,4
Q640353,4,51,55
Q640374,7,17,24
Q640450,27,0,27
Q640561,22,0,22
Q640652,22,8,30
Q640694,22,5,27
Q640695,13,0,13
Q641061,38,1,39
Q641316,5,94,99
Q641346,23,1,24
Q641347,1,5,6
Q641357,3,1,4
Q641656,2,10,12
Q641760,37,2,39
Q641786,24,0,24
Q641975,10,1,11
Q642074,0,6,6
Q642196,11,0,11
Q642291,4,1,5
Q642408,6,0,6
Q642410,47,0,47
Q642433,5,0,5
Q642501,27,0,27
Q642553,3,0,3
Q642707,8,1,9
Q642878,14,13,27
Q643083,3,0,3
Q643107,3,0,3
Q643215,6,12,18
Q643263,54,2,56
Q643461,0,6,6
Q643529,0,5,5
Q643811,35,1,36
Q643873,3,4,7
Q643883,9,1,10
Q644065,23,0,23
Q644077,22,27,49
Q644157,3,0,3
Q644276,36,0,36
Q644357,15,8,23
Q644371,2,7,9
Q644440,1,1,2
Q644687,4,32,36
Q644711,4,6,10
Q644933,35,1,36
Q644943,8,4,12
Q644987,44,0,44
Q644995,3,1,4
Q645094,45,2,47
Q645168,40,0,40
Q645399,13,1,14
Q645595,21,18,39
Q645597,38,1,39
Q645627,17,3,20
Q645663,16,4,20
Q645735,32,0,32
Q645883,0,5,5
Q645889,8,38,46
Q645928,2,200,202
Q645968,0,6,6
Q646079,4,0,4
Q646088,6,0,6
Q646225,5,4,9
Q646389,55,0,55
Q646596,3,1,4
Q646633,42,1,43
Q646806,35,0,35
Q646929,26,3,29
Q646968,3,17,20
Q646980,7,3,10
Q647039,6,196,202
Q647546,41,1,42
Q647893,5,0,5
Q648299,32,1,33
Q648501,9,5,14
Q648611,10,17,27
Q648622,0,5,5
Q648666,5,2,7
Q648810,6,2,8
Q648897,14,6,20
Q648977,46,0,46
Q649165,54,0,54
Q649175,5,2,7
Q649649,7,47,54
Q649823,3,2,5
Q649998,7,0,7
Q650068,6,3,9
Q650316,6,4,10
Q650374,0,3,3
Q650489,0,5,5
Q650816,3,0,3
Q650829,3,1,4
Q650840,5,1,6
Q650855,3,1,4
Q650865,3,0,3
Q650973,1,0,1
Q651060,35,0,35
Q651196,37,0,37
Q651228,7,6,13
Q651231,6,5,11
Q651454,9,32,41
Q651692,11,1,12
Q651722,50,1,51
Q651923,39,1,40
Q652035,8,2,10
Q652228,10,0,10
Q652256,2,18,20
Q652390,14,11,25
Q652421,3,1,4
Q652560,4,11,15
Q652592,33,0,33
Q652644,5,5,10
Q652715,11,5,16
Q652879,3,1,4
Q652965,0,6,6
Q653159,9,14,23
Q653636,5,3,8
Q653645,0,5,5
Q653772,5,1,6
Q653884,2,21,23
Q654073,2,3,5
Q654216,13,1,14
Q654283,7,22,29
Q654620,6,27,33
Q654730,20,3,23
Q654909,8,5,13
Q655051,34,0,34
Q655207,7,2,9
Q655392,5,0,5
Q655514,4,1,5
Q655980,24,0,24
Q656118,21,0,21
Q656185,4,11,15
Q656396,12,0,12
Q656664,31,0,31
Q656752,8,9,17
Q656801,5,182,187
Q657079,35,1,36
Q657222,7,1,8
Q657541,16,5,21
Q657558,6,1,7
Q657828,14,7,21
Q657901,7,1,8
Q658041,44,1,45
Q658255,1,33,34
Q658614,19,5,24
Q658626,1,6,7
Q658690,17,6,23
Q659017,29,5,34
Q659212,4,0,4
Q659400,13,5,18
Q659599,4,1,5
Q659706,10,0,10
Q659962,15,5,20
Q660237,27,0,27
Q660545,17,0,17
Q660685,6,6,12
Q660950,32,2,34
Q660984,3,2,5
Q661543,3,0,3
Q661847,17,0,17
Q661896,3,77,80
Q662042,3,0,3
Q662081,6,10,16
Q662342,38,0,38
Q662575,6,4,10
Q662729,2,5,7
Q662801,5,0,5
Q662838,23,0,23
Q662860,10,17,27
Q662934,6,7,13
Q663106,3,75,78
Q663400,3,0,3
Q663492,6,45,51
Q663519,3,2,5
Q663741,7,5,12
Q664020,25,0,25
Q664167,10,42,52
Q664212,6,6,12
Q664532,20,0,20
Q664592,28,1,29
Q664609,8,32,40
Q664881,9,2,11
Q665105,6,10,16
Q665489,8,1,9
Q665532,10,6,16
Q665807,5,6,11
Q666128,7,1,8
Q667066,21,12,33
Q667260,10,5,15
Q667389,10,3,13
Q667509,3,6,9
Q667659,4,4,8
Q667727,4,2,6
Q667982,3,1,4
Q668280,35,0,35
Q668546,4,1,5
Q668676,7,2,9
Q668925,16,5,21
Q669127,4,0,4
Q669354,7,6,13
Q669431,0,5,5
Q669442,7,0,7
Q669458,2,11,13
Q669591,28,0,28
Q669592,33,0,33
Q669628,33,0,33
Q669749,39,0,39
Q670186,3,0,3
Q670282,6,23,29
Q670296,18,11,29
Q670376,5,1,6
Q670378,29,0,29
Q670417,22,2,24
Q670858,9,0,9
Q670897,27,8,35
Q671288,6,2,8
Q671348,6,3,9
Q671458,4,1,5
Q671475,7,0,7
Q671510,9,0,9
Q671812,5,7,12
Q671892,6,1,7
Q672392,2,9,11
Q672443,27,0,27
Q672531,2,8,10
Q673007,9,5,14
Q673198,38,1,39
Q673229,4,21,25
Q673517,14,0,14
Q674067,0,6,6
Q674113,8,0,8
Q674146,1,5,6
Q674165,22,11,33
Q674182,11,9,20
Q674359,2,13,15
Q674426,5,0,5
Q674451,14,16,30
Q674456,28,4,32
Q674953,3,3,6
Q675208,5,0,5
Q675309,4,6,10
Q675468,33,1,34
Q675553,8,1,9
Q675576,11,1,12
Q675776,14,6,20
Q675937,37,1,38
Q676039,45,0,45
Q676094,28,25,53
Q676284,24,0,24
Q676513,30,0,30
Q676899,26,5,31
Q677037,13,9,22
Q677085,16,1,17
Q677439,11,5,16
Q677542,4,0,4
Q678058,5,12,17
Q678090,1,3,4
Q678259,4,79,83
Q678263,5,1,6
Q678410,14,0,14
Q678437,9,6,15
Q678500,15,5,20
Q678551,4,41,45
Q679007,9,6,15
Q679023,36,0,36
Q679373,34,0,34
Q679611,37,1,38
Q679657,48,0,48
Q679679,21,0,21
Q679746,27,1,28
Q679918,36,0,36
Q679933,10,2,12
Q679987,10,12,22
Q680221,6,6,12
Q680517,13,8,21
Q680614,5,9,14
Q680984,3,1,4
Q681025,14,13,27
Q681092,36,0,36
Q681156,3,6,9
Q681737,0,5,5
Q681962,60,0,60
Q682002,35,1,36
Q682030,0,5,5
Q682154,0,17,17
Q682443,8,25,33
Q682752,15,6,21
Q683351,3,0,3
Q683394,6,1,7
Q683663,38,0,38
Q683705,29,3,32
Q683724,7,2,9
Q683766,4,1,5
Q683785,8,7,15
Q684095,6,1,7
Q684288,20,0,20
Q684415,9,10,19
Q684425,13,1,14
Q684952,9,8,17
Q685000,3,2,5
Q685109,42,1,43
Q685245,30,0,30
Q685335,8,0,8
Q685884,7,16,23
Q686163,3,5,8
Q686301,26,2,28
Q686522,5,8,13
Q686533,36,0,36
Q686949,4,0,4
Q687040,53,1,54
Q687123,6,86,92
Q687427,4,1,5
Q688300,3,0,3
Q688333,13,2,15
Q689093,7,1,8
Q689114,13,0,13
Q689842,33,1,34
Q689859,5,8,13
Q689874,7,1,8
Q689957,9,7,16
Q690079,6,2,8
Q690463,35,0,35
Q690569,9,5,14
Q690645,42,12,54
Q690821,0,5,5
Q690974,45,2,47
Q691203,4,21,25
Q691283,5,3,8
Q691648,13,10,23
Q691672,55,1,56
Q691685,10,3,13
Q691892,6,17,23
Q691960,3,7,10
Q692417,4,2,6
Q692550,8,30,38
Q692800,15,6,21
Q692808,14,2,16
Q692979,13,3,16
Q693039,2,0,2
Q693058,2,8,10
Q693194,5,1,6
Q693268,8,3,11
Q693301,9,5,14
Q693466,5,0,5
Q693911,16,9,25
Q693951,4,0,4
Q694052,5,2,7
Q694140,57,1,58
Q694401,0,3,3
Q694545,6,3,9
Q694550,12,3,15
Q694589,2,19,21
Q695389,37,0,37
Q695411,5,4,9
Q695417,7,1,8
Q695511,4,3,7
Q695565,8,2,10
Q695829,1,0,1
Q695939,3,0,3
Q696042,44,2,46
Q696057,66,1,67
Q696062,10,0,10
Q696206,12,2,14
Q696236,10,0,10
Q696242,11,8,19
Q696246,4,8,12
Q696346,11,0,11
Q696366,11,0,11
Q696652,32,1,33
Q696855,27,0,27
Q696972,4,17,21
Q696998,3,14,17
Q697007,3,5,8
Q697131,17,25,42
Q697231,34,0,34
Q698033,40,0,40
Q698647,2,5,7
Q698951,13,2,15
Q698962,28,0,28
Q698985,2,2,4
Q699224,19,0,19
Q699386,1,5,6
Q699459,3,5,8
Q699559,20,1,21
Q699684,10,0,10
Q699964,14,6,20
Q700359,7,12,19
Q701892,25,0,25
Q702269,1,4,5
Q702373,7,0,7
Q702455,4,0,4
Q702492,2,10,12
Q703278,14,5,19
Q703298,3,5,8
Q703476,0,3,3
Q703484,15,5,20
Q703524,10,0,10
Q703727,0,5,5
Q703759,23,0,23
Q703767,27,0,27
Q703778,4,2,6
Q703897,9,0,9
Q703929,14,5,19
Q704300,0,5,5
Q704314,9,8,17
Q704378,16,12,28
Q704433,28,7,35
Q704553,16,4,20
Q704700,24,0,24
Q704752,7,7,14
Q705477,16,3,19
Q705602,21,9,30
Q705631,9,7,16
Q705644,10,7,17
Q705657,3,9,12
Q705676,7,10,17
Q705715,33,1,34
Q705737,3,10,13
Q705738,24,0,24
Q705743,16,0,16
Q706018,1,5,6
Q706031,4,9,13
Q706117,10,15,25
Q706165,11,4,15
Q706219,11,6,17
Q706332,16,0,16
Q706364,3,14,17
Q706513,38,7,45
Q706586,28,0,28
Q706641,17,0,17
Q706668,32,8,40
Q706858,34,0,34
Q706993,17,6,23
Q707211,10,3,13
Q707336,11,0,11
Q707410,0,5,5
Q707446,20,1,21
Q707484,0,6,6
Q707496,12,5,17
Q707500,12,8,20
Q707538,14,10,24
Q707717,14,1,15
Q707739,2,3,5
Q707759,11,9,20
Q707773,13,6,19
Q707796,0,5,5
Q707813,2,27,29
Q707880,42,0,42
Q707986,38,0,38
Q708059,10,19,29
Q708097,13,9,22
Q708135,4,33,37
Q708153,15,5,20
Q708256,15,3,18
Q708290,9,8,17
Q708492,5,1,6
Q708506,19,0,19
Q708581,0,6,6
Q708676,5,20,25
Q708731,0,9,9
Q708801,13,7,20
Q708830,14,16,30
Q708865,0,5,5
Q708870,0,4,4
Q709086,7,7,14
Q709317,17,0,17
Q709413,18,11,29
Q709857,22,0,22
Q709973,0,6,6
Q710131,22,8,30
Q710142,18,7,25
Q710169,20,5,25
Q710180,19,18,37
Q710334,20,5,25
Q710766,9,5,14
Q710862,19,0,19
Q711035,12,8,20
Q711054,11,7,18
Q711370,10,12,22
Q711415,19,5,24
Q711561,14,5,19
Q711664,11,3,14
Q711682,8,3,11
Q711792,15,5,20
Q711918,18,0,18
Q712166,7,8,15
Q712437,13,11,24
Q712452,21,0,21
Q712457,13,2,15
Q712548,0,5,5
Q712592,30,0,30
Q712647,10,10,20
Q712670,13,6,19
Q712827,12,6,18
Q712860,42,1,43
Q712968,18,3,21
Q713066,22,6,28
Q713099,23,2,25
Q713200,4,27,31
Q713301,22,1,23
Q713511,12,7,19
Q713750,30,49,79
Q713807,27,0,27
Q713912,10,2,12
Q714057,27,2,29
Q714411,18,0,18
Q714479,8,5,13
Q714610,14,3,17
Q714651,17,5,22
Q714661,12,6,18
Q714675,16,6,22
Q714717,7,6,13
Q714747,13,1,14
Q714845,24,0,24
Q714941,32,0,32
Q714989,35,0,35
Q715301,5,36,41
Q715330,11,10,21
Q715519,8,0,8
Q715526,17,0,17
Q715642,12,2,14
Q715679,2,0,2
Q715731,11,0,11
Q716064,17,4,21
Q716069,19,1,20
Q716247,10,5,15
Q716282,13,5,18
Q716343,8,6,14
Q716493,13,1,14
Q716909,2,29,31
Q716936,15,8,23
Q717015,29,7,36
Q717085,3,12,15
Q717638,17,0,17
Q717656,16,6,22
Q717851,11,5,16
Q718078,18,7,25
Q718113,3,6,9
Q718135,14,11,25
Q718338,9,7,16
Q718374,0,5,5
Q718382,11,11,22
Q718524,36,1,37
Q718742,8,9,17
Q718769,0,12,12
Q718893,0,5,5
Q718972,1,0,1
Q719035,15,0,15
Q719120,1,1,2
Q719256,14,7,21
Q719263,12,9,21
Q719266,10,7,17
Q719326,7,0,7
Q719359,10,6,16
Q719556,10,8,18
Q719725,4,9,13
Q719827,8,8,16
Q719927,2,4,6
Q720068,8,7,15
Q720087,8,1,9
Q720434,0,5,5
Q720435,20,2,22
Q720530,13,7,20
Q720581,19,9,28
Q720723,26,1,27
Q720724,26,2,28
Q720762,10,8,18
Q720771,13,3,16
Q720777,10,5,15
Q720959,4,2,6
Q721027,13,5,18
Q721030,7,8,15
Q721134,4,2,6
Q721174,12,9,21
Q721195,9,9,18
Q721323,18,5,23
Q721345,0,2,2
Q721417,16,7,23
Q721446,18,6,24
Q721586,8,6,14
Q721743,4,29,33
Q721830,1,6,7
Q721897,12,6,18
Q721922,15,14,29
Q722001,0,6,6
Q722038,12,10,22
Q722042,30,1,31
Q722115,11,2,13
Q722135,14,8,22
Q722519,13,4,17
Q722682,48,2,50
Q722694,4,1,5
Q722927,0,5,5
Q723021,8,5,13
Q723026,23,0,23
Q723027,8,5,13
Q723101,12,6,18
Q723118,8,9,17
Q723489,4,0,4
Q723639,4,5,9
Q723682,6,3,9
Q723685,3,1935,1938
Q723764,0,5,5
Q723788,9,0,9
Q723830,5,88,93
Q724018,13,5,18
Q724050,17,0,17
Q724144,3,0,3
Q724208,19,5,24
Q724443,6,10,16
Q724455,31,0,31
Q724586,16,7,23
Q724695,12,3,15
Q724759,11,20,31
Q724804,11,8,19
Q725011,7,1,8
Q725018,3,0,3
Q725026,5,8,13
Q725170,10,6,16
Q725247,11,6,17
Q725261,8,0,8
Q725367,4,0,4
Q725449,11,5,16
Q725507,17,2,19
Q725519,16,5,21
Q725539,31,0,31
Q725578,45,0,45
Q725686,17,7,24
Q725773,18,6,24
Q725828,17,0,17
Q725842,30,0,30
Q725867,9,5,14
Q725931,19,2,21
Q725946,36,0,36
Q725970,9,0,9
Q726066,3,0,3
Q726071,40,1,41
Q726080,16,0,16
Q726126,12,7,19
Q726128,20,15,35
Q726130,10,6,16
Q726140,14,12,26
Q726142,23,8,31
Q726153,10,11,21
Q726154,11,5,16
Q726166,16,7,23
Q726201,8,9,17
Q726239,3,1,4
Q726251,11,56,67
Q726294,45,0,45
Q726389,2,7,9
Q726464,44,0,44
Q726534,4,6,10
Q726671,11,5,16
Q726773,10,10,20
Q726776,3,6,9
Q726891,7,1,8
Q726925,17,5,22
Q727111,5,6,11
Q727147,3,0,3
Q727151,14,0,14
Q727270,2,0,2
Q727282,4,24,28
Q727328,3,100,103
Q727694,23,35,58
Q727730,14,7,21
Q727758,2,0,2
Q727781,3,5,8
Q727815,2,9,11
Q727846,34,0,34
Q727904,19,1,20
Q727928,6,4,10
Q728217,16,3,19
Q728455,0,5,5
Q728488,26,0,26
Q728553,34,1,35
Q728711,2,6,8
Q728960,4,10,14
Q729006,8,1,9
Q729210,11,11,22
Q729560,4,0,4
Q729572,11,7,18
Q729590,2,5,7
Q729618,9,7,16
Q729782,34,1,35
Q729788,46,1,47
Q729794,43,0,43
Q729982,14,2,16
Q729991,32,0,32
Q730038,1,7,8
Q730179,9,14,23
Q730491,3,1,4
Q730706,7,8,15
Q731015,9,5,14
Q731082,28,0,28
Q731111,0,4,4
Q731187,20,6,26
Q731310,34,1,35
Q731316,15,1,16
Q731335,27,0,27
Q731437,5,31,36
Q731628,10,5,15
Q731692,8,8,16
Q731721,8,3,11
Q731734,14,0,14
Q731824,5,3,8
Q732002,4,1,5
Q732022,34,1,35
Q732063,18,5,23
Q732397,25,4,29
Q732416,15,3,18
Q732503,10,4,14
Q732577,1,6,7
Q732661,34,3,37
Q732733,5,0,5
Q732858,4,10,14
Q732960,29,0,29
Q732997,5,55,60
Q733047,3,0,3
Q733122,9,8,17
Q733498,4,2,6
Q733570,42,0,42
Q733627,49,0,49
Q733677,37,1,38
Q733776,9,8,17
Q733995,27,1,28
Q734036,36,33,69
Q734221,0,4,4
Q734335,18,8,26
Q734401,4,2,6
Q734663,7,4,11
Q734764,10,3,13
Q734774,11,4,15
Q734950,37,0,37
Q734958,2,59,61
Q734974,5,2,7
Q735440,21,14,35
Q736464,17,16,33
Q736466,15,10,25
Q736559,5,3,8
Q736674,27,9,36
Q736742,6,5,11
Q736834,6,2,8
Q736937,3,0,3
Q736969,35,0,35
Q737055,31,0,31
Q737065,30,0,30
Q737183,18,1,19
Q737369,15,8,23
Q737753,7,1,8
Q737835,7,1,8
Q737936,4,0,4
Q737947,4,0,4
Q738044,1,4,5
Q738052,22,0,22
Q738126,4,6,10
Q738135,6,1,7
Q738152,34,0,34
Q738236,12,0,12
Q738258,17,21,38
Q738395,5,7,12
Q738410,11,0,11
Q738504,4,7,11
Q738544,17,0,17
Q738952,19,6,25
Q739004,11,6,17
Q739105,15,0,15
Q739138,3,9,12
Q739498,34,0,34
Q739499,15,8,23
Q739502,42,0,42
Q739552,4,4,8
Q739627,25,9,34
Q739633,5,34,39
Q739694,41,35,76
Q739711,12,2,14
Q739780,24,0,24
Q739937,8,8,16
Q740071,20,5,25
Q740143,32,1,33
Q740202,13,10,23
Q740308,11,28,39
Q740425,7,1,8
Q740489,33,0,33
Q740511,11,4,15
Q740528,32,0,32
Q740911,4,0,4
Q740968,5,9,14
Q741082,10,0,10
Q741555,11,8,19
Q741661,13,0,13
Q741823,78,1,79
Q742614,25,0,25
Q742625,5,1,6
Q742787,7,5,12
Q743122,2,5,7
Q743309,4,1,5
Q743388,10,5,15
Q743521,9,2,11
Q743535,12,12,24
Q743659,2,2,4
Q743738,6,0,6
Q743769,8,9,17
Q743812,5,78,83
Q743934,5,6,11
Q743945,4,23,27
Q744002,12,5,17
Q744144,2,6,8
Q744417,3,1,4
Q744530,3,1,4
Q744800,7,5,12
Q744913,0,12,12
Q744948,7,8,15
Q745120,7,3,10
Q745246,3,0,3
Q745456,0,5,5
Q745594,11,5,16
Q745967,9,6,15
Q745984,4,5,9
Q746029,29,0,29
Q746038,4,1,5
Q746153,10,0,10
Q746359,2,37,39
Q746574,29,2,31
Q746592,9,2,11
Q746647,3,3,6
Q746676,2,3,5
Q746718,10,4,14
Q746733,48,0,48
Q746756,3,1,4
Q746820,8,1,9
Q747053,6,1,7
Q747074,3,35,38
Q747179,7,2,9
Q747279,2,44,46
Q747466,4,1,5
Q747496,35,0,35
Q747509,4,0,4
Q747570,32,2,34
Q747599,7,4,11
Q747717,3,4,7
Q747802,3,1,4
Q747891,14,7,21
Q747902,5,12,17
Q748006,11,0,11
Q748018,11,6,17
Q748106,7,2,9
Q748149,4,10,14
Q748205,16,0,16
Q748294,3,0,3
Q748427,0,5,5
Q748474,7,3,10
Q748780,2,1,3
Q748836,8,0,8
Q748851,25,1,26
Q748888,2,6,8
Q748986,56,1,57
Q749629,8,0,8
Q749661,22,0,22
Q749718,1,4,5
Q749988,22,0,22
Q750077,39,2,41
Q750117,35,0,35
Q750401,2,10,12
Q750434,3,0,3
Q750437,2,0,2
Q750553,5,6,11
Q750718,8,16,24
Q750927,7,0,7
Q750950,4,1,5
Q751275,6,8,14
Q751341,26,0,26
Q751382,37,0,37
Q751612,3,7,10
Q751805,41,4,45
Q751921,23,1,24
Q751924,7,1,8
Q752017,29,0,29
Q752129,3,5,8
Q752313,43,0,43
Q752317,6,0,6
Q752321,3,6,9
Q752365,11,0,11
Q752483,3,0,3
Q752507,2,7,9
Q752541,18,0,18
Q752663,15,0,15
Q752762,5,0,5
Q752989,40,0,40
Q753072,3,2,5
Q753110,5,433,438
Q753167,8,1,9
Q753517,24,0,24
Q753520,4,4,8
Q753679,3,30,33
Q753830,8,0,8
Q753899,42,3,45
Q753930,5,2,7
Q754094,16,0,16
Q754271,8,2,10
Q754307,3,0,3
Q754635,5,6,11
Q754655,5,17,22
Q754803,4,3,7
Q754841,32,19,51
Q754848,5,0,5
Q754868,10,1,11
Q755070,0,5,5
Q755171,41,0,41
Q755403,7,1,8
Q755559,10,1,11
Q755566,6,3,9
Q755615,3,4,7
Q755741,8,9,17
Q755844,5,5,10
Q756203,4,0,4
Q756238,28,1,29
Q756320,7,0,7
Q756329,33,0,33
Q756355,2,37,39
Q756563,10,1,11
Q756617,80,22,102
Q756849,27,0,27
Q756882,39,0,39
Q756956,5,3,8
Q757143,3,1,4
Q757250,16,5,21
Q757253,4,0,4
Q757320,5,0,5
Q757754,5,0,5
Q757865,26,0,26
Q758634,1,1,2
Q759448,36,1,37
Q759482,6,0,6
Q760093,32,0,32
Q760805,11,5,16
Q760967,7,3,10
Q761302,36,2,38
Q761309,4,2,6
Q761469,2,21,23
Q761534,26,13,39
Q761697,13,6,19
Q762266,16,9,25
Q762294,3,0,3
Q762558,11,1,12
Q762649,25,0,25
Q762877,19,0,19
Q762943,13,8,21
Q763052,3,0,3
Q764754,7,4,11
Q765165,40,7,47
Q765404,22,17,39
Q765633,10,41,51
Q765642,6,2,8
Q765778,8,9,17
Q766145,28,12,40
Q766445,9,1,10
Q767221,4,2,6
Q767485,7,18,25
Q767499,0,6,6
Q767643,19,0,19
Q767751,22,0,22
Q767920,3,1,4
Q767938,15,5,20
Q768253,4,1,5
Q768476,21,8,29
Q768855,0,8,8
Q769347,35,0,35
Q769446,4,14,18
Q769603,2,10,12
Q769628,2,7,9
Q769868,10,6,16
Q770000,33,0,33
Q770103,7,16,23
Q770467,7,8,15
Q770544,12,0,12
Q770740,3,0,3
Q770741,23,0,23
Q770965,53,0,53
Q771104,10,7,17
Q771405,6,13,19
Q771761,4,0,4
Q772148,3,1,4
Q772451,24,0,24
Q772494,9,4,13
Q772547,4,6,10
Q773325,7,4,11
Q773523,0,5,5
Q773853,3,10,13
Q774093,4,26,30
Q774270,11,2,13
Q774489,7,1,8
Q774576,2,6,8
Q774682,5,2,7
Q775028,0,5,5
Q775344,2,9,11
Q775570,1,0,1
Q775572,0,5,5
Q775614,11,0,11
Q775970,32,0,32
Q776807,5,3,8
Q776930,6,1,7
Q777063,5,1,6
Q777403,17,11,28
Q777704,5,0,5
Q777921,14,125,139
Q777943,0,5,5
Q778412,5,5,10
Q778575,1,12,13
Q778585,17,6,23
Q778673,4,8,12
Q778792,9,5,14
Q778812,8,5,13
Q778870,7,11,18
Q779151,19,9,28
Q779191,3,2,5
Q779658,35,0,35
Q779815,4,3,7
Q780197,27,0,27
Q780469,31,1,32
Q780528,8,0,8
Q780745,5,4,9
Q780951,36,0,36
Q780981,26,0,26
Q781132,2,5,7
Q781165,4,5,9
Q781365,13,3,16
Q781486,2,0,2
Q781608,31,2,33
Q781634,26,1,27
Q782204,7,6,13
Q782658,4,1,5
Q782822,34,0,34
Q782942,18,84,102
Q783097,4,3,7
Q783330,4,1,5
Q783369,9,6,15
Q783401,4,0,4
Q783794,11,17,28
Q784009,21,8,29
Q784242,0,5,5
Q784444,41,0,41
Q784589,3,3,6
Q784965,4,0,4
Q785087,32,0,32
Q785351,33,1,34
Q785357,7,4,11
Q785709,23,0,23
Q786003,16,5,21
Q786019,30,0,30
Q786562,43,0,43
Q786594,17,0,17
Q786720,10,5,15
Q787065,6,4,10
Q787089,5,5,10
Q787098,26,34,60
Q787104,5,7,12
Q787123,45,50,95
Q787127,13,23,36
Q787131,42,71,113
Q787145,38,36,74
Q787148,65,46,111
Q787207,5,1,6
Q787674,4,0,4
Q788472,0,7,7
Q788586,10,7,17
Q788926,1,22,23
Q789769,3,12,15
Q789915,15,0,15
Q790101,6,0,6
Q790188,4,6,10
Q790192,3,1,4
Q790756,8,5,13
Q790767,10,6,16
Q791135,5,6,11
Q791651,30,0,30
Q792976,12,0,12
Q793241,4,1,5
Q793585,2,7,9
Q794691,1,2,3
Q794699,9,8,17
Q795022,12,3,15
Q795025,7,11,18
Q795158,2,6,8
Q795427,8,7,15
Q795848,0,5,5
Q795985,1,7,8
Q795988,16,0,16
Q796316,11,10,21
Q797078,6,124,130
Q797242,53,0,53
Q797446,3,0,3
Q797530,3,0,3
Q797846,6,0,6
Q797892,5,2,7
Q797897,4,0,4
Q798129,3,0,3
Q798132,3,0,3
Q798137,4,0,4
Q798232,0,4,4
Q798487,3,0,3
Q798658,11,3,14
Q798737,36,0,36
Q798768,10,8,18
Q798797,28,0,28
Q798830,3,0,3
Q803769,10,5,15
Q804429,10,0,10
Q804434,15,0,15
Q804539,0,5,5
Q805122,9,2,11
Q805221,3,15,18
Q805285,8,9,17
Q806116,5,0,5
Q806231,8,1,9
Q806259,10,5,15
Q806349,5,32,37
Q808218,2,4,6
Q808487,10,0,10
Q808535,6,6,12
Q808917,12,7,19
Q808967,5,3,8
Q809029,14,7,21
Q809066,7,5,12
Q809074,8,10,18
Q809080,16,6,22
Q809099,13,7,20
Q809892,3,2,5
Q810012,30,0,30
Q810028,9,7,16
Q810196,8,2,10
Q810198,0,38,38
Q810447,1,33,34
Q810771,12,3,15
Q810783,4,0,4
Q810998,6,2,8
Q811023,34,0,34
Q811102,0,5,5
Q811595,5,0,5
Q811979,1,6,7
Q812155,6,16,22
Q812332,0,5,5
Q812378,2,7,9
Q812573,19,3,22
Q812589,10,6,16
Q812720,3,0,3
Q812767,11,1,12
Q812893,5,7,12
Q813376,3,3,6
Q814065,14,0,14
Q814343,16,0,16
Q814738,4,0,4
Q814771,28,0,28
Q814790,39,0,39
Q815352,11,25,36
Q815432,12,5,17
Q815436,2,3,5
Q815606,14,0,14
Q815681,29,0,29
Q815731,10,5,15
Q815825,3,0,3
Q815837,3,5,8
Q815890,5,3,8
Q815979,6,7,13
Q816264,1,4,5
Q816456,19,5,24
Q816565,0,6,6
Q816605,22,5,27
Q816706,3,15,18
Q816772,33,0,33
Q816843,3,8,11
Q817138,3,25,28
Q817159,29,1,30
Q817496,4,2,6
Q817902,3,8,11
Q818600,0,5,5
Q819016,32,3,35
Q819694,7,0,7
Q819973,5,13,18
Q820046,10,5,15
Q820477,5,1,6
Q820984,17,8,25
Q821010,9,7,16
Q821105,8,3,11
Q821456,2,10,12
Q821479,1,3,4
Q821542,10,40,50
Q821692,40,0,40
Q821717,2,15,17
Q821861,30,9,39
Q822021,4,0,4
Q822057,34,0,34
Q822146,4,111,115
Q822314,9,36,45
Q822722,5,0,5
Q822780,12,10,22
Q822907,48,75,123
Q822914,5,0,5
Q822930,33,0,33
Q822946,23,0,23
Q823080,6,2,8
Q823384,3,0,3
Q823422,3,190,193
Q823428,3,35,38
Q823600,8,3,11
Q823917,14,1,15
Q824133,44,1,45
Q824192,34,1,35
Q824389,34,0,34
Q824450,2,0,2
Q825769,4,0,4
Q825807,4,3,7
Q825838,6,0,6
Q825946,11,0,11
Q826494,60,3,63
Q826535,12,2,14
Q826561,10,0,10
Q826700,6,30,36
Q826751,5,2,7
Q826977,5,0,5
Q827443,12,6,18
Q827525,6,171,177
Q827589,4,0,4
Q828305,4,1,5
Q828547,43,0,43
Q828753,4,0,4
Q828803,0,5,5
Q829683,3,5,8
Q829695,40,1,41
Q829895,2,0,2
Q830079,3,305,308
Q830208,34,0,34
Q830215,11,4,15
Q830295,26,1,27
Q830316,0,5,5
Q830324,39,0,39
Q830325,4,0,4
Q830376,31,0,31
Q830553,41,0,41
Q830586,7,6,13
Q830874,21,0,21
Q831354,3,7,10
Q831474,0,5,5
Q831536,17,4,21
Q831663,2,7,9
Q831698,1,9,10
Q831800,40,0,40
Q832086,5,3,8
Q832120,1,4,5
Q832190,55,0,55
Q832456,45,0,45
Q832487,22,0,22
Q832515,31,0,31
Q832732,42,0,42
Q833154,3,50,53
Q833163,7,72,79
Q833180,37,0,37
Q833633,6,21,27
Q834165,46,0,46
Q834338,10,3,13
Q834621,38,1,39
Q835104,0,5,5
Q835831,8,8,16
Q835835,6,0,6
Q835891,4,11,15
Q836622,39,2,41
Q836663,7,3,10
Q836752,9,0,9
Q836821,39,0,39
Q837164,13,3,16
Q837171,4,12,16
Q837264,42,1,43
Q837343,1,4,5
Q837389,3,2,5
Q837420,5,8,13
Q837676,17,3,20
Q837704,3,0,3
Q837837,4,14,18
Q837956,4,0,4
Q838112,9,1,10
Q838116,2,10,12
Q838121,2,73,75
Q838261,11,7,18
Q838330,32,22,54
Q838368,5,152,157
Q838381,29,0,29
Q838508,15,1,16
Q838544,7,0,7
Q838781,3,0,3
Q838791,5,3,8
Q838948,6,6,12
Q839042,72,0,72
Q839078,5,2,7
Q839123,32,0,32
Q839133,35,0,35
Q839434,28,1,29
Q839596,36,0,36
Q839805,3,0,3
Q839997,5,1,6
Q840065,2,5,7
Q840286,38,25,63
Q840437,7,13,20
Q840495,42,0,42
Q840668,5,16,21
Q840872,42,0,42
Q841045,3,0,3
Q841090,4,3,7
Q841118,29,0,29
Q841180,5,0,5
Q841203,31,0,31
Q841515,35,0,35
Q841654,0,8,8
Q841779,2,0,2
Q841781,36,0,36
Q841979,8,1,9
Q842073,34,0,34
Q842112,6,7,13
Q842256,2,158,160
Q842284,3,9,12
Q842324,4,11,15
Q842438,7,19,26
Q842490,4,192,196
Q842585,8,0,8
Q842614,0,7,7
Q842782,2,2,4
Q842798,1,4,5
Q842909,22,5,27
Q843219,6,39,45
Q843402,3,131,134
Q843552,15,0,15
Q843589,2,11,13
Q843909,1,1,2
Q843949,26,0,26
Q843950,33,0,33
Q844012,7,2,9
Q844250,0,5,5
Q844273,6,21,27
Q844497,33,1,34
Q844569,4,6,10
Q844580,2,22,24
Q844673,10,2,12
Q844804,4,14,18
Q844819,35,0,35
Q844822,8,1,9
Q844837,3,12,15
Q844908,4,2,6
Q844924,1,2,3
Q844930,0,5,5
Q844935,0,5,5
Q844972,7,10,17
Q844999,6,4,10
Q845015,5,8,13
Q845043,4,0,4
Q845047,5,0,5
Q845057,47,1,48
Q845137,4,0,4
Q845149,2,8,10
Q845188,2,8,10
Q845619,9,4,13
Q845768,5,0,5
Q845859,5,0,5
Q846040,3,9,12
Q846088,25,0,25
Q846101,6,5,11
Q846119,4,11,15
Q846173,8,3,11
Q846183,6,0,6
Q846373,27,2,29
Q846421,6,13,19
Q846426,4,7,11
Q846544,4,22,26
Q846570,14,66,80
Q846662,4,3,7
Q846750,4,0,4
Q847017,1,36,37
Q847018,11,6,17
Q847054,25,4,29
Q847124,17,3,20
Q847133,10,0,10
Q847142,5,136,141
Q847366,11,5,16
Q847596,6,4,10
Q847646,41,1,42
Q847701,2,0,2
Q847739,7,7,14
Q847813,26,13,39
Q847940,21,0,21
Q847956,2,1,3
Q848103,4,1,5
Q848117,5,0,5
Q848388,37,1,38
Q848399,3,11,14
Q848613,5,5,10
Q848642,3,0,3
Q848785,37,0,37
Q848963,0,4,4
Q848977,8,0,8
Q849124,40,64,104
Q849158,4,1,5
Q849242,0,4,4
Q849343,39,1,40
Q849363,6,28,34
Q849435,3,6,9
Q849475,29,1,30
Q849619,3,5,8
Q849627,9,3,12
Q849628,16,1,17
Q849656,42,0,42
Q849680,3,14,17
Q849751,19,9,28
Q849771,2,7,9
Q849784,7,6,13
Q849823,3,0,3
Q849866,4,5,9
Q849949,4,0,4
Q849950,3,1,4
Q850170,3,9,12
Q850290,9,2,11
Q850385,19,2,21
Q850412,4,99,103
Q850522,33,0,33
Q850730,13,0,13
Q850927,6,13,19
Q851095,26,0,26
Q851184,7,0,7
Q851213,4,29,33
Q852033,4,3,7
Q852071,3,8,11
Q852297,3,7,10
Q852423,0,7,7
Q852435,8,5,13
Q852581,0,6,6
Q852645,3,2,5
Q852660,2,7,9
Q852673,9,4,13
Q852684,6,5,11
Q852729,5,5,10
Q852767,3,8,11
Q852900,8,0,8
Q853552,4,1,5
Q853630,2,18,20
Q853873,4,5,9
Q854168,8,10,18
Q854215,8,10,18
Q854323,5,8,13
Q854451,1,4,5
Q854844,1,0,1
Q854890,5,0,5
Q855091,4,341,345
Q855697,0,5,5
Q855941,1,4,5
Q855974,4,5,9
Q856805,31,0,31
Q856841,5,1,6
Q856860,4,0,4
Q856872,5,7,12
Q857001,6,1,7
Q857047,6,1,7
Q857880,5,5,10
Q857933,3,65,68
Q858082,4,1,5
Q858388,12,3,15
Q858467,41,2,43
Q858579,3,2,5
Q858724,35,2,37
Q858729,6,1,7
Q858778,7,1,8
Q858840,56,1,57
Q858851,4,25,29
Q859050,20,0,20
Q859363,11,2,13
Q859369,4,196,200
Q859448,25,0,25
Q859563,2,7,9
Q860450,4,4,8
Q860479,36,0,36
Q860527,17,12,29
Q860580,9,5,14
Q860626,2,201,203
Q860670,10,3,13
Q860734,23,0,23
Q860885,3,2,5
Q860918,1,4,5
Q861202,34,0,34
Q861402,1,2,3
Q861490,12,7,19
Q861494,7,15,22
Q861524,4,0,4
Q861548,21,9,30
Q861660,5,9,14
Q861690,9,8,17
Q861764,10,1,11
Q861823,2,0,2
Q861888,28,3,31
Q862028,11,10,21
Q862039,11,2,13
Q862058,38,0,38
Q862086,34,4,38
Q862197,45,2,47
Q862208,0,6,6
Q862316,20,0,20
Q862317,49,0,49
Q862358,11,8,19
Q862359,19,1,20
Q862481,10,10,20
Q862597,5,7,12
Q862603,2,10,12
Q862733,6,5,11
Q863267,7,6,13
Q863813,16,7,23
Q863940,6,2,8
Q864024,8,2,10
Q864106,5,0,5
Q864124,4,7,11
Q864380,4,14,18
Q864503,4,8,12
Q864693,3,1,4
Q864698,4,8,12
Q864855,26,3,29
Q865056,25,0,25
Q865479,7,6,13
Q865528,13,6,19
Q865851,2,1,3
Q866012,14,2,16
Q866081,1,4,5
Q866120,41,0,41
Q866207,5,4,9
Q867288,4,0,4
Q867530,5,9,14
Q867541,5,2087,2092
Q867813,30,12,42
Q867876,4,0,4
Q867921,4,0,4
Q868196,6,1,7
Q868421,23,8,31
Q868579,4,1,5
Q868637,9,1,10
Q868647,8,1,9
Q868660,9,4,13
Q868888,6,5,11
Q868940,8,96,104
Q869106,5,0,5
Q869161,3,1,4
Q869719,35,0,35
Q869896,0,6,6
Q870490,12,0,12
Q871265,4,2,6
Q871419,3,6,9
Q871991,0,5,5
Q872541,3,1,4
Q873364,3,0,3
Q873384,11,5,16
Q873442,6,2,8
Q873842,5,10,15
Q874342,4,0,4
Q874496,39,0,39
Q875120,3,0,3
Q875262,0,5,5
Q875538,2,129,131
Q875556,14,0,14
Q875637,17,10,27
Q875920,5,14,19
Q876023,0,5,5
Q876122,9,5,14
Q876171,3,17,20
Q876726,10,0,10
Q876864,4,6,10
Q877103,9,0,9
Q877517,3,11,14
Q877693,5,8,13
Q877781,0,7,7
Q877925,13,5,18
Q878902,5,5,10
Q879146,5,18,23
Q879171,0,9,9
Q880233,5,10,15
Q880256,6,0,6
Q880371,2,10,12
Q880447,4,0,4
Q880515,28,0,28
Q880861,8,6,14
Q880981,7,16,23
Q883179,3,4,7
Q883300,25,0,25
Q883425,3,0,3
Q885355,4,1,5
Q885561,3,20,23
Q885833,7,21,28
Q885885,12,6,18
Q886403,11,0,11
Q887117,7,0,7
Q887376,7,0,7
Q887614,11,2,13
Q888156,9,5,14
Q888178,24,6,30
Q888219,38,0,38
Q888254,9,6,15
Q888311,12,21,33
Q888535,11,6,17
Q888612,5,0,5
Q889837,1,3,4
Q889842,4,7,11
Q891082,8,0,8
Q891723,4,187,191
Q891732,5,21,26
Q892498,6,0,6
Q892735,61,3,64
Q893594,13,2,15
Q893712,11,0,11
Q894591,6,11,17
Q894592,0,5,5
Q894596,6,7,13
Q894598,37,6,43
Q894605,3,2,5
Q894841,1,6,7
Q895401,14,3,17
Q895457,11,5,16
Q895583,2,14,16
Q895921,0,4,4
Q896965,5,0,5
Q897052,6,1,7
Q897828,4,0,4
Q898465,29,0,29
Q898527,16,24,40
Q898721,42,0,42
Q898840,35,1,36
Q899030,6,4,10
Q899140,3,0,3
Q899189,3,4,7
Q899341,8,3,11
Q899770,2,149,151
Q900341,0,5,5
Q900352,7,6,13
Q900362,27,1,28
Q900369,16,8,24
Q900378,4,5,9
Q900385,7,7,14
Q900414,34,60,94
Q900424,1,5,6
Q900447,1,4,5
Q900494,16,14,30
Q900804,2,11,13
Q900906,0,1,1
Q901148,28,0,28
Q901192,3,0,3
Q901207,8,40,48
Q901213,34,0,34
Q901323,0,6,6
Q901407,0,5,5
Q901462,29,21,50
Q902080,7,9,16
Q902104,3,70,73
Q902378,3,8,11
Q902421,8,0,8
Q902771,5,2,7
Q902814,1,31,32
Q903336,6,1,7
Q903354,3,0,3
Q903494,6,1,7
Q903735,5,0,5
Q903819,31,0,31
Q903885,40,0,40
Q904344,4,17,21
Q904447,2,11,13
Q904528,6,67,73
Q904653,0,8,8
Q905247,21,20,41
Q905413,8,11,19
Q906343,1,41,42
Q906455,4,10,14
Q906647,3,3,6
Q906930,0,5,5
Q907311,13,1551,1564
Q907481,6,0,6
Q907640,33,0,33
Q907660,1,5,6
Q908436,6,1,7
Q908473,46,1,47
Q908485,0,5,5
Q908556,26,0,26
Q908562,2,1,3
Q908659,3,1,4
Q908662,9,20,29
Q908668,13,4,17
Q908708,10,1,11
Q908848,5,4,9
Q908858,2,56,58
Q908933,35,1,36
Q908941,10,1,11
Q909063,33,0,33
Q909085,4,27,31
Q909146,8,5,13
Q909189,4,3,7
Q909445,27,0,27
Q909586,3,8,11
Q909662,5,2,7
Q909696,9,0,9
Q909704,12,13,25
Q909827,2,1,3
Q909916,6,0,6
Q909975,4,10,14
Q910178,44,0,44
Q910226,37,0,37
Q910300,2,11,13
Q910486,19,3,22
Q910625,12,3,15
Q910854,10,3,13
Q910856,7,1,8
Q910864,6,1,7
Q910900,36,0,36
Q911797,4,30,34
Q911830,4,1,5
Q912103,16,10,26
Q912327,16,11,27
Q912437,24,0,24
Q912467,15,2,17
Q912729,32,1,33
Q912881,16,1,17
Q912938,17,2,19
Q912985,3,6,9
Q912994,5,5,10
Q913003,19,4,23
Q913209,3,0,3
Q913301,4,0,4
Q913324,30,2,32
Q913386,4,2,6
Q913389,35,0,35
Q913403,26,5,31
Q913440,47,0,47
Q913462,10,5,15
Q913545,46,1,47
Q913582,0,5,5
Q913609,6,6,12
Q913775,3,0,3
Q913861,15,12,27
Q913872,16,4,20
Q913965,37,0,37
Q915152,5,2,7
Q915228,16,8,24
Q915665,31,16,47
Q915845,23,0,23
Q915916,9,9,18
Q916287,30,1,31
Q916431,29,2,31
Q916444,0,5,5
Q916461,6,6,12
Q916645,45,1,46
Q917008,2,3,5
Q917067,6,2,8
Q917071,6,1,7
Q917076,4,1,5
Q917138,6,1,7
Q917143,5,1,6
Q917148,6,1,7
Q917163,6,1,7
Q917167,6,1,7
Q917170,3,0,3
Q917182,0,6,6
Q917184,7,1,8
Q917235,7,1,8
Q917254,38,0,38
Q917608,9,0,9
Q917698,29,18,47
Q917808,3,29,32
Q918125,6,1,7
Q918195,5,3,8
Q918224,2,0,2
Q918363,41,1,42
Q918367,38,0,38
Q918404,11,7,18
Q918484,30,2,32
Q918502,20,0,20
Q918534,8,5,13
Q918558,12,14,26
Q918616,11,5,16
Q918617,6,10,16
Q918660,1,8,9
Q918710,4,0,4
Q918769,37,0,37
Q919043,6,0,6
Q919062,4,2,6
Q919095,4,6,10
Q919192,13,5,18
Q919525,0,7,7
Q919608,15,3,18
Q919870,10,7,17
Q919992,9,9,18
Q919999,4,10,14
Q920094,11,5,16
Q920167,16,1,17
Q920273,10,9,19
Q920344,0,6,6
Q920439,9,7,16
Q920783,1,4,5
Q920963,18,1,19
Q920983,13,1,14
Q921204,20,0,20
Q921267,8,2,10
Q921432,9,0,9
Q921434,21,14,35
Q921469,0,20,20
Q921518,14,8,22
Q921985,38,0,38
Q922116,4,13,17
Q922148,0,5,5
Q922193,36,1,37
Q922219,1,5,6
Q922226,23,14,37
Q922229,8,10,18
Q922263,24,13,37
Q922273,26,19,45
Q922281,6,6,12
Q922299,4,11,15
Q922322,20,17,37
Q922326,13,4,17
Q922348,27,21,48
Q922357,5,5,10
Q922368,16,2,18
Q922379,0,5,5
Q922396,107,51,158
Q922402,30,1,31
Q922480,5,2,7
Q922527,16,3,19
Q922630,28,0,28
Q922857,5,20,25
Q922952,10,7,17
Q923485,10,13,23
Q923911,21,0,21
Q923925,61,0,61
Q924104,14,7,21
Q924135,28,1,29
Q924232,30,3,33
Q924283,20,1,21
Q924289,8,6,14
Q924339,6,1,7
Q924567,14,1,15
Q924668,17,0,17
Q924996,3,34,37
Q925024,3,0,3
Q925598,5,0,5
Q925604,17,7,24
Q925668,2,5,7
Q925891,11,0,11
Q926054,13,9,22
Q926238,26,0,26
Q926438,3,0,3
Q926789,20,0,20
Q926912,14,6,20
Q926913,5,0,5
Q927415,21,2,23
Q927607,3,7,10
Q927627,4,11,15
Q927638,7,6,13
Q927826,27,0,27
Q927916,25,5,30
Q928019,44,0,44
Q928022,10,15,25
Q928168,4,0,4
Q928314,4,22,26
Q928329,6,0,6
Q928456,14,7,21
Q928592,8,6,14
Q928831,7,1,8
Q929034,0,5,5
Q929667,9,4,13
Q929737,0,5,5
Q929833,2,8,10
Q929933,0,6,6
Q929998,18,0,18
Q930112,7,0,7
Q930209,14,13,27
Q930291,13,0,13
Q930354,4,1,5
Q930383,1,1,2
Q930691,11,7,18
Q930746,17,0,17
Q930752,0,11,11
Q931009,15,5,20
Q931158,28,0,28
Q931181,12,13,25
Q931704,3,1,4
Q931716,4,10,14
Q931909,13,0,13
Q932244,7,0,7
Q932281,21,89,110
Q932284,4,0,4
Q932411,11,1,12
Q932508,19,0,19
Q932586,7,178,185
Q932601,10,3,13
Q932650,4,33,37
Q932897,10,0,10
Q932977,5,2,7
Q932981,7,2,9
Q933084,4,5,9
Q933129,18,6,24
Q933598,22,1,23
Q933904,13,0,13
Q934036,38,0,38
Q934135,10,2,12
Q934444,11,14,25
Q934506,13,14,27
Q934930,9,8,17
Q934964,16,5,21
Q935081,9,7,16
Q935090,8,13,21
Q935105,34,1,35
Q935116,1,4,5
Q935122,9,5,14
Q935153,13,8,21
Q935167,13,9,22
Q935283,5,31,36
Q935369,52,3,55
Q935609,17,1,18
Q935632,4,7,11
Q935666,6,8,14
Q935717,10,10,20
Q935843,5,102,107
Q935956,3,0,3
Q936037,36,0,36
Q936126,4,0,4
Q936302,34,1,35
Q936327,28,0,28
Q936338,11,5,16
Q936425,34,0,34
Q936518,2,10,12
Q936573,3,6,9
Q936576,27,1,28
Q936683,27,29,56
Q936700,0,5,5
Q936780,9,2,11
Q936942,3,5,8
Q937162,6,1,7
Q937342,18,0,18
Q937406,6,8,14
Q937629,15,8,23
Q937857,10,89,99
Q937922,8,7,15
Q937935,4,0,4
Q938050,8,7,15
Q938137,34,0,34
Q938205,0,4,4
Q938235,7,1,8
Q938333,10,6,16
Q938630,4,0,4
Q938810,17,2,19
Q938858,39,0,39
Q939079,14,1,15
Q939084,42,2,44
Q939424,45,0,45
Q939842,15,1,16
Q940139,46,0,46
Q940271,11,0,11
Q940418,5,5,10
Q940536,23,3,26
Q940958,36,6,42
Q940971,9,5,14
Q941023,7,314,321
Q941524,7,0,7
Q941594,1,101,102
Q941662,9,1,10
Q941712,9,9,18
Q941944,33,0,33
Q942914,13,14,27
Q942932,18,9,27
Q943003,17,0,17
Q943028,12,10,22
Q943047,18,0,18
Q943106,3,17,20
Q943386,12,0,12
Q943506,12,13,25
Q943532,7,8,15
Q943589,11,11,22
Q943613,9,5,14
Q943995,5,3,8
Q944044,12,1,13
Q944269,5,0,5
Q944291,29,0,29
Q944352,8,1,9
Q944465,2,6,8
Q944480,2,11,13
Q944546,15,4,19
Q944638,13,0,13
Q944952,12,5,17
Q945030,8,1,9
Q945074,26,0,26
Q945138,37,1,38
Q945402,13,0,13
Q945551,9,15,24
Q945574,3,5,8
Q945586,29,1,30
Q945591,16,0,16
Q945887,36,57,93
Q946040,3,0,3
Q946124,8,2,10
Q946859,16,3,19
Q947090,6,20,26
Q947098,23,0,23
Q947109,4,6,10
Q947115,6,2,8
Q947748,10,5,15
Q947873,7,157,164
Q948122,24,10,34
Q948329,4,225,229
Q948635,28,0,28
Q948751,11,18,29
Q948916,6,0,6
Q949161,19,5,24
Q949330,14,9,23
Q949387,17,5,22
Q949568,3,0,3
Q949779,5,3,8
Q949926,0,12,12
Q950104,8,5,13
Q950309,8,2,10
Q950380,17,25,42
Q950428,13,9,22
Q950604,5,6,11
Q950900,1,0,1
Q951018,11,7,18
Q951305,14,5,19
Q951522,0,5,5
Q951634,12,6,18
Q951774,8,6,14
Q951946,6,0,6
Q952097,7,2,9
Q952156,12,0,12
Q952419,8,1,9
Q952428,18,4,22
Q952914,3,6,9
Q953040,13,53,66
Q953257,11,6,17
Q953288,0,4,4
Q953696,18,4,22
Q953746,5,9,14
Q954184,22,0,22
Q954231,21,2,23
Q954319,9,2,11
Q954359,9,9,18
Q954380,12,5,17
Q954549,3,8,11
Q954950,14,3,17
Q954997,26,1,27
Q955019,10,7,17
Q955764,17,2,19
Q955824,0,10,10
Q955872,3,2,5
Q956021,16,6,22
Q956056,9,1,10
Q956214,0,3,3
Q956501,7,6,13
Q956681,28,0,28
Q956822,13,4,17
Q956867,15,8,23
Q956870,12,0,12
Q956883,4,1,5
Q957323,29,1,30
Q957347,14,4,18
Q957711,14,3,17
Q957926,9,6,15
Q958227,10,5,15
Q958257,34,0,34
Q958291,7,6,13
Q958369,4,0,4
Q958385,16,3,19
Q958417,42,0,42
Q958630,17,9,26
Q958652,11,0,11
Q958791,10,7,17
Q959051,47,0,47
Q959153,15,6,21
Q959259,0,5,5
Q959341,107,0,107
Q959664,1,1,2
Q959672,6,0,6
Q959738,3,5,8
Q959790,3,240,243
Q959860,6,1,7
Q959863,18,2,20
Q960125,25,0,25
Q960484,0,8,8
Q960494,0,5,5
Q960721,8,7,15
Q960993,15,9,24
Q961183,7,5,12
Q961297,9,8,17
Q961851,26,0,26
Q961893,29,4,33
Q962011,8,0,8
Q962103,42,1,43
Q962161,13,0,13
Q962236,7,11,18
Q962363,33,0,33
Q962499,7,5,12
Q962579,10,7,17
Q962681,10,5,15
Q962944,7,5,12
Q962987,19,0,19
Q963068,6,6,12
Q963138,4,4,8
Q963227,3,35,38
Q963385,4,8,12
Q963626,22,3,25
Q963628,13,11,24
Q964329,0,5,5
Q964658,1,4,5
Q964815,12,0,12
Q964909,17,0,17
Q965261,10,1,11
Q965379,18,5,23
Q965635,5,1,6
Q965659,15,9,24
Q965859,23,0,23
Q966018,20,1,21
Q966068,5,12,17
Q966151,10,8,18
Q966379,8,0,8
Q966540,6,8,14
Q966564,3,26,29
Q966576,10,7,17
Q966773,4,5,9
Q967018,34,0,34
Q967126,10,8,18
Q967130,10,19,29
Q967165,20,3,23
Q967230,23,1,24
Q967478,31,0,31
Q967495,8,0,8
Q967683,33,0,33
Q967764,11,6,17
Q967797,6,7,13
Q968159,2,7,9
Q968292,18,0,18
Q968440,0,5,5
Q968559,14,2,16
Q968730,4,4,8
Q968840,37,10,47
Q969203,2,1,3
Q969270,12,0,12
Q969663,3,8,11
Q969766,8,9,17
Q969850,19,4,23
Q970089,30,0,30
Q970153,2,32,34
Q970208,3,5,8
Q970537,0,2,2
Q970867,13,6,19
Q971008,23,19,42
Q971363,5,5,10
Q971446,7,30,37
Q971630,29,0,29
Q971721,5,7,12
Q971782,0,7,7
Q971941,19,1,20
Q972424,2,2,4
Q972634,2,0,2
Q972741,4,1,5
Q973065,10,6,16
Q973077,8,6,14
Q973150,1,3,4
Q973587,4,0,4
Q973884,6,1,7
Q974135,2,0,2
Q974144,1,4,5
Q974385,10,0,10
Q974615,8,8,16
Q974693,11,34,45
Q974800,8,5,13
Q975161,15,7,22
Q975310,13,6,19
Q975413,0,15,15
Q975418,6,10,16
Q975609,26,0,26
Q975919,0,5,5
Q975945,0,5,5
Q976149,33,0,33
Q976176,14,9,23
Q976310,0,5,5
Q976396,7,3,10
Q976544,7,15,22
Q976609,7,9,16
Q976829,12,8,20
Q976882,6,0,6
Q977086,11,8,19
Q977196,36,0,36
Q977372,54,1,55
Q977397,4,9,13
Q977471,13,0,13
Q977529,6,3,9
Q977704,7,7,14
Q977915,5,84,89
Q978044,5,5,10
Q978184,12,6,18
Q978222,7,5,12
Q978315,9,10,19
Q978367,11,8,19
Q978420,5,4,9
Q978706,8,7,15
Q978857,13,6,19
Q978974,38,0,38
Q979196,37,0,37
Q979221,14,6,20
Q979312,16,6,22
Q979428,13,5,18
Q979511,11,0,11
Q979726,34,0,34
Q979778,13,4,17
Q979990,19,2,21
Q980041,40,0,40
Q980090,4,13,17
Q980143,12,5,17
Q980308,32,0,32
Q980351,0,5,5
Q980671,4,6,10
Q981030,3,8,11
Q981195,9,43,52
Q981203,0,2,2
Q981339,1,4,5
Q981809,11,3,14
Q981821,13,5,18
Q981970,8,3,11
Q981976,12,0,12
Q982177,19,1,20
Q982710,13,11,24
Q982795,10,5,15
Q982840,8,5,13
Q983043,11,1,12
Q983082,23,3,26
Q983229,12,9,21
Q983238,11,3,14
Q983571,9,2,11
Q983698,6,2,8
Q983861,6,2,8
Q983927,8,0,8
Q983974,5,0,5
Q984047,9,6,15
Q984077,11,13,24
Q984115,20,0,20
Q984264,5,4,9
Q984361,5,0,5
Q984374,13,2,15
Q984377,8,2,10
Q984542,0,5,5
Q984544,5,1,6
Q984613,9,2,11
Q985351,8,1,9
Q985409,9,1,10
Q985460,5,1,6
Q985592,6,3,9
Q986200,5,4,9
Q986210,5,9,14
Q986376,4,0,4
Q986432,7,3,10
Q986529,3,1,4
Q987085,3,1,4
Q987305,15,0,15
Q987584,8,0,8
Q987744,6,7,13
Q988112,5,2,7
Q988140,0,7,7
Q988159,3,2,5
Q988515,11,3,14
Q988568,5,0,5
Q988739,5,0,5
Q988923,4,1,5
Q989418,8,1,9
Q989438,3,35,38
Q989439,4,55,59
Q989442,28,40,68
Q989445,4,39,43
Q989447,4,56,60
Q989449,4,46,50
Q989450,2,38,40
Q989453,53,76,129
Q989616,7,1,8
Q990504,8,5,13
Q990545,4,1,5
Q990840,25,0,25
Q991310,4,1,5
Q991387,6,10,16
Q991563,26,1,27
Q992604,2,5,7
Q992830,10,2,12
Q992846,9,7,16
Q993164,9,6,15
Q993210,0,5,5
Q993267,4,49,53
Q994144,7,0,7
Q994175,2,6,8
Q994701,6,1,7
Q994811,4,1,5
Q995231,7,5,12
Q995265,18,4,22
Q995267,4,4,8
Q996079,4,0,4
Q996954,2,0,2
Q997481,3,4,7
Q999123,6,5,11
Q999332,25,10,35
Q1000222,8,0,8
Q1000597,9,4,13
Q1000642,5,2,7
Q1001378,0,7,7
Q1002100,42,0,42
Q1002550,2,5,7
Q1003074,4,5,9
Q1003588,0,5,5
Q1004531,57,2,59
Q1005887,4,51,55
Q1005953,5,0,5
Q1006668,3,4,7
Q1006876,0,6,6
Q1006950,5,5,10
Q1006997,15,7,22
Q1008912,7,7,14
Q1009235,7,1,8
Q1009253,6,0,6
Q1009788,54,2,56
Q1010099,34,0,34
Q1010236,7,4,11
Q1010240,5,1,6
Q1010244,6,3,9
Q1010539,4,3,7
Q1010556,6,0,6
Q1011509,4,49,53
Q1011547,7,215,222
Q1011564,4,68,72
Q1011895,4,7,11
Q1015672,5,0,5
Q1015681,3,0,3
Q1015874,2,16,18
Q1016159,8,3,11
Q1017583,7,2,9
Q1017974,10,1,11
Q1021026,3,3,6
Q1021182,12,8,20
Q1021290,0,6,6
Q1021386,2,6,8
Q1021563,4,5,9
Q1021681,6,0,6
Q1022530,15,1,16
Q1022955,4,0,4
Q1022995,7,0,7
Q1023185,4,0,4
Q1023208,3,0,3
Q1023235,3,1,4
Q1023532,4,0,4
Q1023912,12,0,12
Q1024037,5,3,8
Q1024426,22,1,23
Q1024807,5,5,10
Q1025106,5,4,9
Q1025401,7,2,9
Q1026089,2,1,3
Q1026417,4,2,6
Q1026679,5,4,9
Q1026804,8,0,8
Q1026827,8,26,34
Q1026846,16,1,17
Q1026868,10,1,11
Q1026919,10,0,10
Q1026925,16,8,24
Q1026926,12,8,20
Q1026932,10,4,14
Q1026939,12,13,25
Q1026941,11,5,16
Q1027063,4,0,4
Q1027200,30,4,34
Q1027880,9,7,16
Q1027891,7,22,29
Q1027904,6,50,56
Q1027922,6,15,21
Q1028181,5,94,99
Q1029099,9,6,15
Q1029135,4,2,6
Q1029212,26,0,26
Q1029467,16,2,18
Q1029497,0,5,5
Q1029535,10,5,15
Q1029631,7,0,7
Q1029706,6,478,484
Q1030402,28,18,46
Q1030713,74,1,75
Q1031430,5,7,12
Q1032023,11,5,16
Q1032048,9,23,32
Q1032540,6,25,31
Q1033016,61,13,74
Q1033163,1,4,5
Q1033465,9,8,17
Q1033692,8,12,20
Q1033891,3,31,34
Q1033909,18,7,25
Q1034225,5,1,6
Q1035067,3,0,3
Q1035745,12,1,13
Q1035954,2,0,2
Q1036763,5,1,6
Q1037408,16,1,17
Q1037693,3,0,3
Q1037848,26,6,32
Q1040028,24,1,25
Q1040689,0,10,10
Q1041671,12,2,14
Q1041737,16,2,18
Q1043527,4,180,184
Q1043824,17,0,17
Q1043961,14,5,19
Q1043985,7,9,16
Q1044183,8,8,16
Q1044186,6,11,17
Q1044291,5,11,16
Q1044425,4,1,5
Q1044427,5,241,246
Q1044563,6,0,6
Q1044635,22,1,23
Q1044808,7,0,7
Q1045096,4,6,10
Q1045165,35,0,35
Q1045401,3,5,8
Q1045541,4,8,12
Q1045828,13,4,17
Q1045845,2,0,2
Q1046057,3,7,10
Q1046066,18,4,22
Q1046088,0,17,17
Q1046367,3,0,3
Q1046707,6,7,13
Q1046841,38,0,38
Q1046939,6,0,6
Q1046951,8,0,8
Q1047060,18,3,21
Q1047113,8,35,43
Q1047230,19,1,20
Q1047293,17,10,27
Q1047366,8,7,15
Q1047410,17,20,37
Q1047698,0,6,6
Q1048166,35,1,36
Q1048192,4,0,4
Q1048835,0,22,22
Q1048846,53,0,53
Q1048851,6,0,6
Q1048856,32,1,33
Q1048898,19,6,25
Q1048902,4,2,6
Q1049095,41,0,41
Q1049139,53,0,53
Q1049171,4,5,9
Q1049296,3,16,19
Q1049470,21,1,22
Q1049480,37,0,37
Q1049502,11,0,11
Q1050211,11,2,13
Q1050331,3,0,3
Q1050528,29,0,29
Q1050533,40,0,40
Q1050571,3,0,3
Q1050603,65,0,65
Q1050826,28,0,28
Q1051023,30,0,30
Q1051182,10,3,13
Q1051315,40,1,41
Q1051514,4,0,4
Q1051840,5,23,28
Q1051843,3,2,5
Q1052139,37,3,40
Q1052260,52,1,53
Q1052562,3,12,15
Q1052614,14,2,16
Q1052826,51,1,52
Q1053181,0,5,5
Q1053256,3,12,15
Q1053574,3,188,191
Q1053996,9,4,13
Q1054483,0,6,6
Q1054574,3,200,203
Q1054807,8,6,14
Q1054844,10,1,11
Q1054905,12,1,13
Q1054923,8,28,36
Q1055028,2,20,22
Q1055299,41,1,42
Q1055728,27,0,27
Q1056114,17,1,18
Q1056237,19,14,33
Q1056240,23,49,72
Q1056251,36,37,73
Q1056265,34,31,65
Q1056351,4,1,5
Q1056391,5,0,5
Q1056542,8,2,10
Q1056853,48,0,48
Q1057015,37,0,37
Q1057045,38,0,38
Q1057172,4,18,22
Q1057890,9,3,12
Q1058496,6,6,12
Q1058775,7,6,13
Q1058806,23,0,23
Q1058914,5,7,12
Q1059415,5,0,5
Q1059517,7,5,12
Q1059546,2,8,10
Q1059914,38,0,38
Q1060160,2,0,2
Q1060636,25,1,26
Q1060653,1,0,1
Q1060758,15,8,23
Q1061069,13,10,23
Q1061104,14,0,14
Q1061197,1,7,8
Q1061233,2,5,7
Q1061238,5,7,12
Q1061539,20,0,20
Q1061541,63,0,63
Q1061580,13,1,14
Q1061615,4,0,4
Q1062019,11,19,30
Q1062026,27,65,92
Q1062280,3,1,4
Q1062400,7,1,8
Q1062702,1,3,4
Q1062789,4,10,14
Q1062952,2,17,19
Q1063242,8,9,17
Q1063493,16,1,17
Q1063547,2,5,7
Q1064691,0,5,5
Q1064703,8,1,9
Q1064766,14,0,14
Q1064978,32,8,40
Q1065024,8,5,13
Q1065282,8,0,8
Q1065291,7,1,8
Q1065497,3,5,8
Q1065651,37,24,61
Q1065711,29,0,29
Q1065809,16,1,17
Q1066018,8,14,22
Q1066098,32,0,32
Q1066106,4,6,10
Q1066169,0,5,5
Q1066186,4,6,10
Q1066372,8,6,14
Q1066446,14,1,15
Q1066492,7,0,7
Q1066683,5,1,6
Q1066917,11,6,17
Q1066984,1,11,12
Q1067324,0,5,5
Q1067471,21,2,23
Q1067610,0,5,5
Q1067870,11,4,15
Q1067935,19,0,19
Q1068072,20,1,21
Q1068258,10,6,16
Q1068713,31,3,34
Q1068734,5,0,5
Q1068752,15,13,28
Q1068952,44,0,44
Q1069127,2,13,15
Q1069140,27,3,30
Q1069175,0,5,5
Q1069698,3,0,3
Q1070152,10,4,14
Q1070160,30,0,30
Q1070333,21,2,23
Q1070529,0,5,5
Q1070732,5,4,9
Q1070749,18,0,18
Q1070763,9,2,11
Q1071169,26,0,26
Q1071585,3,18,21
Q1071873,4,0,4
Q1071888,5,10,15
Q1071890,5,6,11
Q1071903,28,9,37
Q1071958,54,0,54
Q1072012,0,8,8
Q1072029,6,2,8
Q1072120,9,71,80
Q1072283,2,0,2
Q1072339,3,0,3
Q1072363,3,8,11
Q1072666,48,0,48
Q1073993,0,3,3
Q1074029,14,8,22
Q1074523,4,11,15
Q1074688,3,30,33
Q1075104,8,2,10
Q1075106,0,10,10
Q1075116,12,0,12
Q1075148,22,1,23
Q1075293,4,34,38
Q1075339,20,6,26
Q1075404,0,7,7
Q1075651,3,26,29
Q1075796,22,1,23
Q1076038,16,14,30
Q1076092,5,0,5
Q1076509,3,7,10
Q1076619,4,0,4
Q1077064,10,9,19
Q1077160,38,0,38
Q1077467,6,21,27
Q1077549,17,7,24
Q1077553,18,7,25
Q1077576,0,5,5
Q1077635,12,4,16
Q1077883,1,10,11
Q1079140,20,9,29
Q1079204,14,13,27
Q1079400,4,9,13
Q1080794,2,17,19
Q1082213,6,7,13
Q1082849,5,0,5
Q1086189,36,41,77
Q1086291,14,0,14
Q1086802,7,5,12
Q1086861,14,1,15
Q1086863,5,6,11
Q1086864,13,1,14
Q1086977,10,6,16
Q1087121,9,4,13
Q1087883,25,0,25
Q1088364,3,7,10
Q1088453,6,16,22
Q1089696,4,0,4
Q1091031,3,17,20
Q1091168,28,0,28
Q1091339,12,6,18
Q1091580,33,0,33
Q1092460,2,10,12
Q1092837,4,15,19
Q1093517,2,6,8
Q1093611,7,5,12
Q1093829,4,483,487
Q1093910,8,19,27
Q1094020,41,0,41
Q1094046,9,1,10
Q1094113,3,0,3
Q1094226,5,2,7
Q1094826,11,8,19
Q1095395,1,22,23
Q1095773,13,1,14
Q1096120,1,4,5
Q1097348,4,318,322
Q1099153,2,2,4
Q1100609,15,2,17
Q1100801,13,0,13
Q1100989,3,0,3
Q1101612,14,16,30
Q1101938,31,2,33
Q1102002,9,6,15
Q1102217,7,9,16
Q1103153,3,0,3
Q1103168,4,0,4
Q1104069,4,16,20
Q1104158,40,0,40
Q1107314,5,9,14
Q1107679,4,13,17
Q1108255,6,7,13
Q1109093,13,0,13
Q1109976,2,11,13
Q1111024,7,13,20
Q1111228,44,0,44
Q1111261,12,1,13
Q1111310,4,73,77
Q1111359,10,5,15
Q1111542,41,7,48
Q1111640,17,1,18
Q1112005,49,8,57
Q1112515,14,1,15
Q1112687,2,5,7
Q1113311,13,7,20
Q1113428,19,16,35
Q1113804,11,9,20
Q1114448,4,10,14
Q1114461,0,7,7
Q1114628,6,1,7
Q1114683,52,0,52
Q1114947,7,0,7
Q1115050,0,5,5
Q1115575,3,29,32
Q1115753,0,5,5
Q1115878,10,0,10
Q1117390,44,6,50
Q1117613,42,0,42
Q1120939,10,8,18
Q1121095,0,5,5
Q1121436,15,14,29
Q1122281,38,0,38
Q1122380,5,2,7
Q1122571,51,0,51
Q1122661,14,0,14
Q1122688,51,0,51
Q1123006,40,1,41
Q1123431,1,4,5
Q1123463,39,0,39
Q1123745,4,1,5
Q1123766,4,4,8
Q1123891,30,0,30
Q1123947,9,8,17
Q1124061,8,13,21
Q1124153,11,1,12
Q1124743,8,2,10
Q1124841,5,0,5
Q1124849,6,26,32
Q1124875,46,1,47
Q1125253,36,0,36
Q1125282,55,1,56
Q1125384,75,1,76
Q1125651,9,6,15
Q1126563,7,6,13
Q1126713,10,14,24
Q1127126,0,10,10
Q1127184,50,0,50
Q1127530,2,5,7
Q1127539,5,0,5
Q1127887,8,14,22
Q1128631,4,7,11
Q1128750,50,1,51
Q1128756,25,2,27
Q1128867,36,1,37
Q1129080,32,0,32
Q1129227,33,0,33
Q1129282,2,11,13
Q1129290,36,0,36
Q1129381,44,0,44
Q1129487,31,25,56
Q1129534,39,0,39
Q1130084,42,0,42
Q1130275,1,10,11
Q1130479,0,5,5
Q1130553,4,0,4
Q1130581,12,0,12
Q1130664,74,0,74
Q1130799,26,0,26
Q1130849,7,6,13
Q1131225,24,1,25
Q1131356,2,229,231
Q1131669,48,0,48
Q1131772,3,35,38
Q1131791,17,0,17
Q1132041,7,3,10
Q1132152,5,1,6
Q1132346,26,3,29
Q1132413,6,4,10
Q1132439,53,3,56
Q1132632,10,9,19
Q1132636,8,7,15
Q1132978,31,0,31
Q1133502,3,16,19
Q1133657,3,25,28
Q1133772,27,0,27
Q1134180,0,7,7
Q1134799,14,2,16
Q1134906,8,0,8
Q1135137,6,1,7
Q1135229,3,23,26
Q1135802,2,5,7
Q1135966,29,0,29
Q1136331,7,0,7
Q1136336,4,4,8
Q1136370,30,1,31
Q1136388,0,5,5
Q1136507,0,7,7
Q1136601,0,6,6
Q1136919,21,0,21
Q1137109,3,39,42
Q1137236,57,0,57
Q1137286,6,5,11
Q1137312,8,7,15
Q1137372,40,0,40
Q1137381,2,21,23
Q1137540,10,6,16
Q1137665,18,0,18
Q1137694,0,6,6
Q1137856,41,0,41
Q1137899,49,1,50
Q1138191,3,0,3
Q1138374,13,2,15
Q1138378,3,14,17
Q1138384,15,5,20
Q1138524,5,107,112
Q1138605,12,5,17
Q1138607,7,5,12
Q1138620,29,0,29
Q1138658,8,6,14
Q1138671,2,0,2
Q1138674,17,9,26
Q1138711,5,5,10
Q1138789,16,38,54
Q1139016,29,0,29
Q1139023,38,0,38
Q1139031,20,0,20
Q1139085,2,0,2
Q1139136,4,8,12
Q1139190,9,10,19
Q1139248,18,3,21
Q1139311,37,0,37
Q1139327,1,6,7
Q1139341,2,2,4
Q1139352,0,111,111
Q1139454,47,1,48
Q1139511,9,8,17
Q1139717,8,5,13
Q1139794,54,1,55
Q1139801,45,0,45
Q1140056,2,15,17
Q1140171,47,0,47
Q1140193,15,1,16
Q1140241,11,16,27
Q1140257,53,0,53
Q1140309,28,0,28
Q1140542,14,2,16
Q1140578,50,1,51
Q1140588,6,2,8
Q1140775,9,2,11
Q1140848,4,3,7
Q1140960,8,0,8
Q1140971,14,8,22
Q1141037,4,17,21
Q1141081,3,4,7
Q1141149,0,5,5
Q1141173,9,1,10
Q1141238,20,3,23
Q1141252,53,1,54
Q1141460,48,0,48
Q1141493,41,1,42
Q1141571,13,1,14
Q1141746,35,0,35
Q1141850,2,0,2
Q1141877,27,0,27
Q1141912,52,0,52
Q1142030,3,0,3
Q1142035,15,13,28
Q1142073,6,0,6
Q1142327,3,0,3
Q1142456,5,6,11
Q1142885,3,6,9
Q1143000,6,1,7
Q1143281,8,6,14
Q1143289,7,6,13
Q1143358,3,2,5
Q1143412,6,0,6
Q1143635,3,8,11
Q1143644,6,0,6
Q1143793,3,0,3
Q1143797,4,0,4
Q1143802,30,0,30
Q1144013,2,9,11
Q1144262,23,3,26
Q1144409,2,10,12
Q1144479,27,0,27
Q1144673,14,7,21
Q1144750,13,0,13
Q1144761,0,2,2
Q1145306,8,11,19
Q1145528,12,6,18
Q1145552,4,79,83
Q1145732,53,0,53
Q1145764,35,0,35
Q1146100,6,2,8
Q1146194,39,1,40
Q1146254,4,15,19
Q1146335,3,67,70
Q1146345,36,0,36
Q1146570,44,0,44
Q1146578,2,3,5
Q1146700,8,2,10
Q1146861,41,2,43
Q1147776,3,4,7
Q1148233,4,1,5
Q1148579,5,1,6
Q1148711,7,17,24
Q1148872,5,5,10
Q1148974,2,7,9
Q1149089,5,5,10
Q1149100,8,7,15
Q1149560,3,0,3
Q1149868,3,3,6
Q1150105,24,6,30
Q1150306,3,53,56
Q1150312,7,3,10
Q1150316,13,5,18
Q1150437,5,6,11
Q1150569,16,2,18
Q1150713,43,0,43
Q1150893,4,0,4
Q1150930,26,0,26
Q1151457,14,4,18
Q1151733,2,16,18
Q1151944,12,3,15
Q1151947,34,1,35
Q1152184,3,75,78
Q1152269,4,20,24
Q1152369,5,9,14
Q1152815,6,12,18
Q1152955,8,8,16
Q1153032,7,4,11
Q1153176,3,0,3
Q1153191,0,5,5
Q1153257,0,33,33
Q1153370,49,1,50
Q1154469,12,0,12
Q1155838,4,2,6
Q1156089,27,0,27
Q1156334,8,18,26
Q1156642,12,52,64
Q1156648,30,0,30
Q1156766,1,6,7
Q1156848,8,5,13
Q1156934,1,4,5
Q1157743,15,9,24
Q1157920,4,0,4
Q1158951,3,6,9
Q1159073,0,5,5
Q1160005,45,0,45
Q1160868,9,15,24
Q1160945,9,0,9
Q1161102,16,14,30
Q1161109,2,11,13
Q1161113,8,6,14
Q1161114,3,5,8
Q1161132,1,4,5
Q1161136,3,5,8
Q1161297,11,4,15
Q1162163,5,11,16
Q1163034,7,8,15
Q1163074,5,4,9
Q1163293,11,9,20
Q1164252,4,0,4
Q1164477,5,1,6
Q1164558,7,5,12
Q1164753,44,0,44
Q1164779,39,0,39
Q1165208,28,0,28
Q1165609,12,30,42
Q1165751,2,12,14
Q1165777,3,1,4
Q1166158,3,0,3
Q1166180,66,1,67
Q1166925,4,6,10
Q1167725,44,1,45
Q1168760,28,0,28
Q1169098,25,0,25
Q1169487,7,0,7
Q1169609,35,0,35
Q1170071,31,0,31
Q1170493,4,10,14
Q1170500,39,15,54
Q1170507,5,19,24
Q1171196,13,6,19
Q1171247,24,0,24
Q1171858,15,10,25
Q1171956,4,8,12
Q1172213,6,1,7
Q1173200,15,2,17
Q1173538,10,5,15
Q1173825,11,9,20
Q1173882,9,0,9
Q1174454,0,5,5
Q1174468,19,1,20
Q1174604,15,0,15
Q1175266,23,0,23
Q1175673,26,2,28
Q1175691,21,0,21
Q1176208,9,6,15
Q1176556,8,7,15
Q1176800,0,5,5
Q1177096,11,8,19
Q1177705,5,2,7
Q1179189,5,75,80
Q1179599,9,2,11
Q1179603,13,18,31
Q1180262,0,6,6
Q1182912,9,0,9
Q1183935,5,0,5
Q1184704,9,5,14
Q1184880,2,0,2
Q1185037,6,30,36
Q1185817,11,5,16
Q1185955,15,0,15
Q1186025,12,2,14
Q1186557,30,1,31
Q1187041,4,1,5
Q1187580,1,10,11
Q1187656,1,5,6
Q1187811,1,56,57
Q1188361,10,9,19
Q1188369,5,2,7
Q1188661,2,8,10
Q1188663,2,8,10
Q1188938,8,16,24
Q1189047,4,15,19
Q1189102,13,5,18
Q1189169,8,9,17
Q1189302,5,0,5
Q1189317,33,0,33
Q1189377,11,2,13
Q1189389,10,6,16
Q1189470,14,7,21
Q1189552,6,6,12
Q1189617,16,0,16
Q1189681,9,6,15
Q1189728,18,0,18
Q1190134,10,5,15
Q1190137,10,3,13
Q1190150,12,7,19
Q1190406,12,5,17
Q1190554,0,9,9
Q1190565,5,3,8
Q1190590,6,33,39
Q1190693,13,4,17
Q1190812,20,2,22
Q1190926,23,9,32
Q1190974,12,1,13
Q1190988,44,0,44
Q1191202,10,11,21
Q1191335,11,4,15
Q1191344,10,6,16
Q1191350,0,3,3
Q1191537,10,0,10
Q1191833,17,1,18
Q1193138,37,1,38
Q1193236,0,5,5
Q1193547,19,6,25
Q1193678,8,0,8
Q1193741,7,0,7
Q1193825,26,0,26
Q1193871,0,4,4
Q1194240,0,9,9
Q1194456,11,8,19
Q1194523,9,0,9
Q1194689,10,0,10
Q1194951,1,9,10
Q1195311,35,0,35
Q1195543,8,0,8
Q1195774,37,1,38
Q1196251,8,0,8
Q1196408,3,11,14
Q1196712,14,0,14
Q1196752,3,16,19
Q1196958,34,0,34
Q1197022,31,0,31
Q1197185,62,0,62
Q1197407,6,0,6
Q1197427,26,2,28
Q1197869,22,0,22
Q1197928,9,4,13
Q1197932,27,1,28
Q1198073,29,0,29
Q1198391,0,5,5
Q1198553,5,1,6
Q1198697,12,10,22
Q1198860,37,0,37
Q1198887,4,14,18
Q1198897,18,7,25
Q1199259,31,1,32
Q1199837,23,0,23
Q1200368,4,10,14
Q1200552,9,13,22
Q1200678,3,132,135
Q1200957,3,23,26
Q1201513,8,0,8
Q1201654,22,0,22
Q1201755,6,14,20
Q1202039,8,4,12
Q1202548,4,8,12
Q1202628,11,1,12
Q1204187,7,3,10
Q1204213,21,0,21
Q1204346,0,5,5
Q1204714,10,7,17
Q1204812,13,3,16
Q1206012,5,21,26
Q1206261,25,0,25
Q1207735,0,5,5
Q1208175,2,40,42
Q1208380,0,6,6
Q1208802,3,9,12
Q1209263,1,5,6
Q1209753,17,6,23
Q1209853,56,0,56
Q1210045,6,3,9
Q1210069,6,0,6
Q1210353,5,11,16
Q1210827,18,6,24
Q1210832,38,0,38
Q1210973,29,0,29
Q1211143,31,0,31
Q1211934,3,0,3
Q1212139,34,0,34
Q1212768,35,0,35
Q1212928,32,0,32
Q1213010,30,0,30
Q1215169,23,0,23
Q1215865,23,0,23
Q1215884,2,16,18
Q1216045,11,0,11
Q1217057,26,0,26
Q1218180,9,1,10
Q1218601,45,0,45
Q1218959,52,1,53
Q1219026,22,0,22
Q1221156,4,16,20
Q1224817,3,2,5
Q1225141,14,4,18
Q1226599,35,0,35
Q1226913,9,8,17
Q1227533,3,20,23
Q1228431,5,1,6
Q1228933,6,9,15
Q1229035,6,1,7
Q1229052,9,6,15
Q1229499,11,0,11
Q1229857,33,1,34
Q1230458,1,1,2
Q1230739,14,1,15
Q1230940,14,0,14
Q1231094,5,0,5
Q1231435,11,10,21
Q1231447,18,0,18
Q1231865,5,19,24
Q1233073,5,6,11
Q1233991,2,7,9
Q1233993,2,14,16
Q1234713,4,13,17
Q1235281,29,0,29
Q1236851,28,0,28
Q1238570,3,12,15
Q1238714,4,84,88
Q1238720,0,14,14
Q1238931,15,0,15
Q1239033,7,3,10
Q1239933,0,3,3
Q1240097,7,8,15
Q1240103,16,0,16
Q1240192,14,5,19
Q1240233,8,8,16
Q1241761,0,5,5
Q1242707,10,8,18
Q1243718,8,4,12
Q1244442,5,9,14
Q1244704,8,2,10
Q1247158,21,0,21
Q1247168,19,2,21
Q1247212,11,0,11
Q1247216,33,0,33
Q1247241,11,1,12
Q1247248,16,2,18
Q1247292,12,1,13
Q1247373,7,10,17
Q1247468,7,0,7
Q1247494,9,0,9
Q1247510,10,0,10
Q1247544,20,4,24
Q1247581,6,0,6
Q1247589,6,5,11
Q1247701,8,0,8
Q1247808,15,0,15
Q1247858,10,0,10
Q1248019,10,1,11
Q1248784,0,5,5
Q1248938,18,0,18
Q1249005,10,1,11
Q1249239,37,0,37
Q1249251,7,4,11
Q1249537,10,5,15
Q1249798,0,5,5
Q1250287,2,23,25
Q1250464,5,14,19
Q1250916,1,4,5
Q1251736,14,1,15
Q1252328,2,10,12
Q1252526,13,6,19
Q1252563,15,12,27
Q1253172,4,9,13
Q1254704,3,0,3
Q1254773,3,18,21
Q1254874,1,26,27
Q1254992,9,5,14
Q1255010,13,0,13
Q1255198,5,22,27
Q1255210,6,22,28
Q1255263,13,5,18
Q1255499,25,0,25
Q1255631,4,14,18
Q1255921,7,18,25
Q1256415,2,21,23
Q1256981,9,22,31
Q1257075,11,5,16
Q1257399,4,18,22
Q1257444,2,7,9
Q1257493,7,20,27
Q1257501,7,38,45
Q1258012,14,9,23
Q1258647,3,22,25
Q1259330,4,8,12
Q1259362,4,18,22
Q1259395,4,15,19
Q1259759,1,30,31
Q1259917,5,21,26
Q1260789,4,26,30
Q1261193,24,0,24
Q1261214,3,2,5
Q1261335,13,2,15
Q1261578,9,0,9
Q1263057,0,5,5
Q1263215,3,0,3
Q1264331,14,7,21
Q1264867,6,4,10
Q1265685,0,5,5
Q1265702,32,27,59
Q1265782,4,25,29
Q1266111,0,6,6
Q1266608,1,4,5
Q1266750,15,0,15
Q1266818,3,24,27
Q1267828,3,0,3
Q1267987,7,1,8
Q1268432,3,0,3
Q1268871,8,1,9
Q1268927,43,30,73
Q1269785,11,6,17
Q1270283,26,1,27
Q1270755,4,8,12
Q1271389,9,8,17
Q1271752,4,0,4
Q1272775,1,3,4
Q1273140,10,10,20
Q1273264,8,5,13
Q1273568,1,11,12
Q1273666,8,13,21
Q1274453,10,3,13
Q1274807,25,4,29
Q1274892,6,5,11
Q1275727,4,15,19
Q1276100,4,0,4
Q1276338,8,0,8
Q1276587,12,1,13
Q1277029,27,2,29
Q1277039,11,7,18
Q1277463,2,13,15
Q1277484,13,3,16
Q1277557,13,7,20
Q1277776,13,6,19
Q1277961,3,27,30
Q1278095,4,1,5
Q1278206,7,1,8
Q1278221,6,2,8
Q1278284,4,5,9
Q1278335,4,8,12
Q1278871,11,6,17
Q1279306,5,4,9
Q1279660,17,2,19
Q1279758,14,10,24
Q1279835,5,6,11
Q1280760,14,8,22
Q1280821,9,6,15
Q1280895,3,0,3
Q1281175,4,6,10
Q1281212,16,3,19
Q1281608,4,0,4
Q1281618,4,21,25
Q1282510,10,6,16
Q1284518,5,5,10
Q1285376,14,0,14
Q1285467,32,0,32
Q1285504,3,48,51
Q1285517,4,0,4
Q1285545,4,0,4
Q1285551,28,0,28
Q1285835,5,0,5
Q1285856,5,1,6
Q1285949,2,0,2
Q1285970,27,42,69
Q1285983,4,0,4
Q1286387,34,0,34
Q1286406,16,9,25
Q1286639,3,57,60
Q1287335,3,36,39
Q1287517,14,0,14
Q1287651,17,1,18
Q1288568,0,222,222
Q1289495,3,0,3
Q1290155,3,0,3
Q1290421,8,9,17
Q1291221,4,18,22
Q1291441,12,6,18
Q1292127,0,5,5
Q1292284,9,0,9
Q1292541,35,1,36
Q1292617,5,2,7
Q1293513,9,8,17
Q1294626,3,6,9
Q1295611,10,9,19
Q1298934,4,28,32
Q1299260,3,0,3
Q1300012,1,0,1
Q1302545,3,54,57
Q1304560,22,0,22
Q1304952,21,3,24
Q1305029,27,0,27
Q1305191,22,0,22
Q1305200,31,0,31
Q1305521,12,0,12
Q1305608,31,2,33
Q1305622,38,0,38
Q1305647,34,0,34
Q1306472,42,0,42
Q1306553,18,1,19
Q1306755,0,8,8
Q1306890,44,0,44
Q1307214,3,25,28
Q1307345,10,3,13
Q1308174,11,9,20
Q1311379,10,1,11
Q1312282,14,5,19
Q1312577,7,3,10
Q1312897,2,13,15
Q1313063,30,2,32
Q1313325,8,5,13
Q1314113,15,10,25
Q1314180,6,0,6
Q1314250,14,6,20
Q1315008,43,35,78
Q1315512,16,0,16
Q1316544,6,44,50
Q1317143,18,2,20
Q1317534,2,0,2
Q1317816,5,6,11
Q1318295,1,4,5
Q1318318,4,0,4
Q1318423,13,1,14
Q1319095,8,9,17
Q1319495,12,6,18
Q1319539,20,10,30
Q1319610,5,1,6
Q1319653,11,11,22
Q1319697,6,10,16
Q1319744,15,4,19
Q1319770,12,8,20
Q1319793,10,5,15
Q1319846,8,5,13
Q1319913,9,6,15
Q1320006,13,12,25
Q1320047,1,7,8
Q1320232,0,6,6
Q1320315,5,32,37
Q1320340,3,0,3
Q1320403,4,4,8
Q1320443,9,26,35
Q1320640,21,7,28
Q1320761,12,8,20
Q1320782,1,4,5
Q1320883,4,7,11
Q1320939,13,7,20
Q1320997,34,1,35
Q1321005,12,6,18
Q1321023,12,0,12
Q1321265,8,4,12
Q1321371,6,0,6
Q1321379,7,6,13
Q1321503,24,0,24
Q1321565,3,0,3
Q1321622,44,0,44
Q1321770,3,0,3
Q1321960,2,24,26
Q1321988,10,8,18
Q1322229,4,0,4
Q1322453,20,1,21
Q1322641,5,9,14
Q1322660,9,5,14
Q1322906,23,0,23
Q1323029,11,1,12
Q1323132,39,1,40
Q1323191,4,70,74
Q1323284,0,5,5
Q1323565,3,2,5
Q1323594,8,88,96
Q1323642,1,9,10
Q1323698,2,6,8
Q1324392,7,0,7
Q1324407,3,36,39
Q1324712,6,9,15
Q1325828,32,0,32
Q1325893,5,1,6
Q1326026,33,0,33
Q1326038,1,6,7
Q1326154,3,2,5
Q1326230,6,5,11
Q1326340,5,13,18
Q1326885,4,5,9
Q1326975,17,1,18
Q1327329,2,19,21
Q1327480,2,0,2
Q1327500,4,10,14
Q1327994,4,1,5
Q1328038,5,0,5
Q1328249,29,5,34
Q1328508,3,15,18
Q1328605,3,5,8
Q1329269,6,3,9
Q1329368,3,0,3
Q1329615,3,161,164
Q1330417,5,6,11
Q1330714,13,6,19
Q1330737,50,0,50
Q1330936,1,4,5
Q1331130,3,11,14
Q1331248,4,5,9
Q1331280,9,0,9
Q1331793,6,15,21
Q1332263,42,0,42
Q1332676,13,5,18
Q1332872,9,9,18
Q1333283,5,4,9
Q1333399,13,0,13
Q1333606,5,6,11
Q1333734,13,0,13
Q1333793,10,6,16
Q1333798,4,4,8
Q1333848,18,0,18
Q1334052,0,12,12
Q1334284,7,17,24
Q1334295,20,5,25
Q1334420,9,10,19
Q1334572,34,1,35
Q1334710,15,7,22
Q1334725,13,10,23
Q1334754,9,6,15
Q1334819,9,6,15
Q1334830,11,9,20
Q1334930,27,0,27
Q1335105,16,7,23
Q1335106,0,5,5
Q1335573,7,21,28
Q1335583,16,7,23
Q1335915,11,6,17
Q1335973,5,2,7
Q1336107,44,0,44
Q1336198,8,6,14
Q1336515,19,1,20
Q1336850,17,4,21
Q1336920,3,7,10
Q1337082,17,8,25
Q1337159,12,7,19
Q1337530,9,11,20
Q1337556,5,0,5
Q1337779,21,0,21
Q1337818,3,42,45
Q1337827,4,8,12
Q1337925,13,0,13
Q1338008,31,1,32
Q1338153,4,7,11
Q1338446,1,5,6
Q1338610,13,2,15
Q1338873,6,2,8
Q1338877,5,1,6
Q1338916,5,1,6
Q1338927,5,1,6
Q1338928,5,1,6
Q1338932,5,0,5
Q1338977,6,0,6
Q1339019,17,7,24
Q1339121,1,0,1
Q1339305,7,0,7
Q1339523,44,0,44
Q1339527,8,1,9
Q1339570,13,0,13
Q1339625,16,8,24
Q1339626,9,7,16
Q1339864,4,19,23
Q1339924,9,5,14
Q1339951,23,8,31
Q1340514,3,0,3
Q1340574,10,6,16
Q1340698,10,0,10
Q1341001,10,8,18
Q1341051,3,29,32
Q1341193,3,7,10
Q1341403,14,12,26
Q1341487,12,8,20
Q1341516,8,11,19
Q1341644,12,1,13
Q1341761,9,8,17
Q1342327,2,7,9
Q1342372,3,25,28
Q1343007,2,18,20
Q1343212,5,2,7
Q1343857,12,5,17
Q1344055,0,9,9
Q1344063,20,0,20
Q1344080,6,1,7
Q1344131,24,0,24
Q1344174,1,7,8
Q1344183,4,13,17
Q1344190,17,0,17
Q1344237,0,5,5
Q1344323,10,6,16
Q1344350,0,5,5
Q1344736,13,5,18
Q1345077,33,2,35
Q1345514,17,5,22
Q1345583,38,1,39
Q1345691,0,6,6
Q1345694,12,0,12
Q1345971,7,1,8
Q1346110,11,7,18
Q1346123,10,6,16
Q1346135,12,3,15
Q1346439,42,2,44
Q1346473,6,26,32
Q1346696,14,8,22
Q1347095,22,1,23
Q1347162,9,3,12
Q1347340,0,6,6
Q1347393,30,1,31
Q1347483,11,5,16
Q1347598,0,5,5
Q1347984,10,13,23
Q1348264,8,14,22
Q1348378,7,16,23
Q1348423,30,1,31
Q1349100,5,0,5
Q1349417,1,4,5
Q1349456,21,4,25
Q1349627,8,0,8
Q1350157,2,12,14
Q1350541,17,4,21
Q1350676,13,0,13
Q1350697,0,11,11
Q1351100,4,35,39
Q1351190,4,5,9
Q1351259,31,0,31
Q1351282,3,13,16
Q1351291,12,25,37
Q1351441,10,7,17
Q1351454,16,6,22
Q1351511,14,4,18
Q1351554,13,0,13
Q1351880,6,4,10
Q1351882,2,14,16
Q1351911,35,0,35
Q1352101,6,1,7
Q1352230,0,5,5
Q1353248,12,0,12
Q1353441,43,1,44
Q1354081,18,14,32
Q1354109,38,1,39
Q1354162,28,0,28
Q1354565,9,5,14
Q1355172,51,0,51
Q1355327,5,0,5
Q1355395,16,5,21
Q1355901,31,0,31
Q1356226,0,5,5
Q1356395,29,0,29
Q1356410,39,0,39
Q1356427,20,13,33
Q1356690,15,3,18
Q1356738,13,6,19
Q1356753,27,0,27
Q1357016,38,0,38
Q1357891,13,4,17
Q1357964,2,31,33
Q1358042,9,9,18
Q1358344,4,6,10
Q1358555,8,1,9
Q1358639,3,57,60
Q1359089,4,2,6
Q1359405,11,5,16
Q1359938,12,7,19
Q1359957,9,9,18
Q1360124,23,0,23
Q1360303,20,5,25
Q1361045,3,17,20
Q1361200,13,6,19
Q1361932,3,56,59
Q1362106,9,1,10
Q1362240,30,0,30
Q1362474,16,6,22
Q1362723,3,6,9
Q1362864,1,5,6
Q1363692,26,1,27
Q1363700,14,6,20
Q1363770,11,0,11
Q1363909,11,0,11
Q1364029,30,1,31
Q1364076,36,1,37
Q1364464,5,1,6
Q1364556,2,32,34
Q1364697,30,0,30
Q1364747,16,6,22
Q1364838,9,9,18
Q1364886,8,7,15
Q1365036,12,5,17
Q1365108,16,0,16
Q1365614,6,2,8
Q1365966,13,9,22
Q1366018,4,6,10
Q1366112,2,71,73
Q1366385,9,7,16
Q1366460,8,14,22
Q1366554,11,4,15
Q1366768,14,5,19
Q1367452,7,11,18
Q1367518,28,2,30
Q1367548,24,1,25
Q1367775,7,1,8
Q1367973,15,0,15
Q1367988,4,6,10
Q1368027,10,8,18
Q1368141,13,6,19
Q1368170,5,1,6
Q1368195,4,2,6
Q1368300,16,4,20
Q1368602,15,3,18
Q1368943,4,27,31
Q1368969,2,5,7
Q1369077,5,18,23
Q1369558,1,1,2
Q1369625,15,1,16
Q1369944,6,6,12
Q1370195,12,3,15
Q1370207,4,15,19
Q1370251,9,0,9
Q1370292,2,5,7
Q1370297,10,16,26
Q1370528,8,12,20
Q1370632,7,6,13
Q1370735,12,0,12
Q1370968,18,0,18
Q1371037,2,7,9
Q1371229,17,6,23
Q1371345,3,0,3
Q1371682,5,18,23
Q1372180,9,7,16
Q1372187,10,9,19
Q1372513,17,2,19
Q1372770,10,5,15
Q1372953,13,14,27
Q1373024,15,0,15
Q1373335,11,9,20
Q1373347,25,1,26
Q1373377,10,3,13
Q1373450,8,12,20
Q1374243,18,2,20
Q1374339,4,26,30
Q1374481,24,6,30
Q1374692,14,9,23
Q1374731,4,2,6
Q1375077,4,0,4
Q1375196,5,6,11
Q1375689,13,7,20
Q1375823,15,8,23
Q1376074,14,0,14
Q1376304,1,9,10
Q1376480,7,13,20
Q1376925,2,6,8
Q1376987,8,5,13
Q1377182,2,32,34
Q1377218,12,5,17
Q1377311,4,11,15
Q1377331,0,7,7
Q1377445,1,0,1
Q1377612,1,16,17
Q1377683,10,6,16
Q1377733,13,54,67
Q1377736,4,36,40
Q1377738,24,86,110
Q1377752,4,9,13
Q1377753,2,38,40
Q1377755,12,50,62
Q1377771,4,12,16
Q1377772,4,94,98
Q1377773,10,37,47
Q1377777,13,47,60
Q1377793,4,7,11
Q1377794,0,5,5
Q1377797,4,8,12
Q1378118,15,7,22
Q1378320,14,2,16
Q1378351,16,5,21
Q1378692,10,0,10
Q1378776,2,0,2
Q1378803,36,7,43
Q1379022,5,5,10
Q1379066,11,4,15
Q1379415,6,3,9
Q1379613,8,5,13
Q1379621,5,0,5
Q1379924,2,1,3
Q1379958,5,6,11
Q1379980,21,8,29
Q1380910,11,9,20
Q1382548,5,7,12
Q1383270,29,2,31
Q1383628,0,6,6
Q1383657,0,6,6
Q1384181,21,10,31
Q1384661,13,3,16
Q1384822,15,1,16
Q1385214,5,11,16
Q1385301,2,0,2
Q1385337,11,9,20
Q1385612,24,6,30
Q1385774,29,1,30
Q1386741,16,8,24
Q1387050,9,2,11
Q1387358,0,5,5
Q1387383,8,8,16
Q1387430,13,7,20
Q1387617,14,3,17
Q1387724,14,0,14
Q1387747,9,6,15
Q1387756,8,5,13
Q1388076,32,12,44
Q1388111,11,7,18
Q1388258,13,5,18
Q1388748,11,0,11
Q1388769,10,5,15
Q1388807,7,8,15
Q1388853,9,5,14
Q1389078,1,4,5
Q1389759,11,5,16
Q1390515,11,5,16
Q1391329,9,0,9
Q1391336,3,4,7
Q1392321,8,12,20
Q1392581,1,5,6
Q1393265,8,1,9
Q1393301,6,2,8
Q1394940,9,5,14
Q1394956,21,9,30
Q1395104,16,3,19
Q1395333,13,9,22
Q1395430,13,1,14
Q1395654,14,6,20
Q1395905,12,1,13
Q1396531,11,3,14
Q1396699,6,5,11
Q1397901,5,2,7
Q1397914,2,5,7
Q1399299,6,3,9
Q1401104,7,6,13
Q1401416,4,59,63
Q1401524,5,0,5
Q1401974,1,4,5
Q1402435,4,4,8
Q1402561,2,8,10
Q1402592,0,5,5
Q1404101,6,3,9
Q1404450,6,2,8
Q1405126,38,2,40
Q1406161,0,6,6
Q1407225,0,14,14
Q1407228,1,38,39
Q1408498,6,0,6
Q1409165,22,0,22
Q1409480,14,0,14
Q1411093,8,3,11
Q1411222,18,0,18
Q1412037,42,0,42
Q1413227,24,0,24
Q1413558,7,2,9
Q1413685,4,3,7
Q1413741,39,23,62
Q1414326,3,15,18
Q1414443,8,17,25
Q1414482,25,16,41
Q1414514,11,4,15
Q1414525,5,9,14
Q1414533,26,9,35
Q1414539,5,2,7
Q1414577,3,12,15
Q1414861,12,5,17
Q1414932,1,5,6
Q1415017,4,124,128
Q1415090,4,188,192
Q1415356,2,7,9
Q1415395,3,82,85
Q1416835,8,4,12
Q1416899,3,9,12
Q1417287,3,0,3
Q1418009,3,9,12
Q1419495,51,19,70
Q1419737,11,24,35
Q1419797,29,0,29
Q1419872,12,5,17
Q1419938,9,5,14
Q1420038,26,2,28
Q1420205,9,6,15
Q1420239,20,12,32
Q1420500,12,0,12
Q1420651,44,0,44
Q1420891,5,53,58
Q1421355,31,0,31
Q1421593,42,0,42
Q1421616,15,2,17
Q1421666,5,85,90
Q1422017,36,0,36
Q1422140,4,41,45
Q1422237,13,0,13
Q1422458,13,0,13
Q1422824,34,0,34
Q1422929,1,9,10
Q1422957,0,5,5
Q1423160,10,6,16
Q1423667,27,0,27
Q1423695,34,0,34
Q1423756,14,3,17
Q1423789,6,0,6
Q1423795,26,0,26
Q1423971,34,1,35
Q1424066,23,0,23
Q1424258,38,1,39
Q1424720,0,12,12
Q1424825,31,0,31
Q1425151,3,12,15
Q1425428,19,8,27
Q1425661,5,0,5
Q1426204,2,5,7
Q1426464,8,12,20
Q1426821,2,1,3
Q1427252,29,0,29
Q1428637,5,5,10
Q1428750,12,0,12
Q1430048,13,3,16
Q1430165,7,5,12
Q1430587,4,0,4
Q1432195,3,1,4
Q1432632,10,2,12
Q1432645,6,11,17
Q1433443,3,7,10
Q1433745,6,1,7
Q1434547,15,0,15
Q1435509,3,1,4
Q1435633,5,1,6
Q1435635,5,1,6
Q1435969,5,0,5
Q1436734,3,1,4
Q1437214,3,83,86
Q1437361,0,8,8
Q1438735,3,0,3
Q1438833,16,0,16
Q1439280,2,0,2
Q1439629,10,3,13
Q1440172,8,6,14
Q1440873,1,68,69
Q1441305,3,17,20
Q1441539,24,18,42
Q1441572,17,11,28
Q1441582,5,9,14
Q1441669,28,10,38
Q1441676,21,9,30
Q1441929,6,14,20
Q1442301,16,5,21
Q1442364,16,0,16
Q1442862,3,0,3
Q1443070,14,5,19
Q1443316,2,1,3
Q1444345,0,3,3
Q1445521,8,142,150
Q1446181,6,10,16
Q1447126,10,9,19
Q1449248,22,1,23
Q1449316,2,2,4
Q1449586,11,15,26
Q1451412,4,5,9
Q1452569,16,4,20
Q1452656,23,0,23
Q1452873,6,8,14
Q1453512,2,5,7
Q1453643,5,121,126
Q1457145,2,0,2
Q1458113,15,1,16
Q1458155,3,0,3
Q1458675,0,6,6
Q1459443,4,19,23
Q1459900,1,9,10
Q1460885,0,5,5
Q1461985,16,11,27
Q1462630,29,0,29
Q1462822,30,0,30
Q1462878,9,13,22
Q1462918,3,5,8
Q1463450,6,1,7
Q1463716,2,11,13
Q1463985,3,5,8
Q1464230,36,0,36
Q1464670,4,6,10
Q1465181,2,9,11
Q1465214,4,6,10
Q1465235,9,7,16
Q1465252,5,1,6
Q1465651,6,0,6
Q1465984,6,5,11
Q1466001,13,5,18
Q1467106,4,0,4
Q1467214,30,0,30
Q1467287,5,33,38
Q1467554,4,2,6
Q1467607,11,0,11
Q1467758,4,0,4
Q1468260,9,16,25
Q1468277,6,29,35
Q1468607,7,2,9
Q1469426,29,1,30
Q1470264,5,2,7
Q1470333,4,7,11
Q1470767,37,0,37
Q1471357,6,1,7
Q1471965,18,0,18
Q1472235,5,49,54
Q1472266,2,1,3
Q1472347,8,7,15
Q1472358,17,15,32
Q1472663,14,0,14
Q1473065,10,31,41
Q1473615,9,5,14
Q1473780,3,2,5
Q1473804,45,1,46
Q1474005,5,0,5
Q1474019,11,2,13
Q1474092,3,0,3
Q1474100,12,0,12
Q1474105,6,3,9
Q1474129,11,3,14
Q1474157,6,2,8
Q1474263,24,1,25
Q1474410,6,100,106
Q1474509,4,0,4
Q1474521,0,5,5
Q1474597,0,1,1
Q1474606,6,1,7
Q1474823,9,0,9
Q1475020,9,1,10
Q1475413,8,0,8
Q1475611,37,0,37
Q1475707,9,9,18
Q1476215,3,17,20
Q1476230,8,2,10
Q1476484,18,1,19
Q1477177,8,15,23
Q1478089,6,15,21
Q1478420,1,9,10
Q1478443,0,5,5
Q1479869,13,0,13
Q1480166,4,56,60
Q1480421,6,0,6
Q1480617,47,0,47
Q1480793,10,98,108
Q1480896,1,11,12
Q1480914,2,5,7
Q1480985,3,0,3
Q1481050,11,0,11
Q1481140,5,1,6
Q1481423,12,0,12
Q1481540,34,0,34
Q1481820,7,1,8
Q1485801,2,10,12
Q1494434,2,0,2
Q1494959,8,0,8
Q1495387,0,7,7
Q1497364,2,10,12
Q1498002,2,6,8
Q1498059,2,7,9
Q1500095,25,0,25
Q1500364,4,4,8
Q1500510,7,0,7
Q1501797,2,0,2
Q1502249,4,13,17
Q1502946,10,8,18
Q1503050,0,6,6
Q1503081,6,0,6
Q1503700,25,0,25
Q1503878,27,0,27
Q1504968,7,7,14
Q1505923,38,0,38
Q1506057,30,0,30
Q1506831,32,2,34
Q1506909,7,7,14
Q1507298,2,5,7
Q1507653,16,0,16
Q1508079,30,8,38
Q1508118,9,0,9
Q1508143,0,4,4
Q1509333,16,2,18
Q1509493,0,5,5
Q1510826,6,1,7
Q1511182,15,0,15
Q1512150,9,6,15
Q1513206,3,11,14
Q1513322,13,3,16
Q1513377,4,2,6
Q1514249,3,3,6
Q1514334,2,6,8
Q1514469,15,0,15
Q1514848,20,1,21
Q1514878,11,8,19
Q1515048,10,0,10
Q1515757,3,0,3
Q1515763,11,0,11
Q1516164,22,0,22
Q1516431,37,0,37
Q1516453,1,0,1
Q1516684,13,2,15
Q1516734,15,6,21
Q1516833,9,0,9
Q1517021,13,0,13
Q1517187,0,12,12
Q1517792,6,6,12
Q1518105,0,9,9
Q1518310,6,1,7
Q1518357,5,1,6
Q1518434,3,0,3
Q1518589,47,0,47
Q1518804,11,0,11
Q1518953,9,7,16
Q1519107,5,5,10
Q1520004,4,5,9
Q1520129,9,2,11
Q1520223,3,11,14
Q1520271,9,0,9
Q1521725,17,11,28
Q1524124,7,16,23
Q1524278,9,5,14
Q1524530,3,6,9
Q1525083,26,0,26
Q1526143,17,0,17
Q1526814,3,0,3
Q1527196,8,6,14
Q1527242,15,8,23
Q1527520,2,0,2
Q1528106,12,7,19
Q1529156,0,5,5
Q1530455,4,5,9
Q1530604,0,4,4
Q1530721,17,0,17
Q1532392,28,0,28
Q1534190,6,5,11
Q1534906,4,22,26
Q1534911,3,13,16
Q1534980,3,1,4
Q1535128,4,25,29
Q1535133,4,9,13
Q1535134,1,4,5
Q1535145,5,34,39
Q1535153,3,57,60
Q1535251,22,0,22
Q1535788,5,1,6
Q1535860,7,8,15
Q1536003,5,21,26
Q1536258,16,14,30
Q1536722,30,1,31
Q1537303,8,1,9
Q1537759,11,4,15
Q1537996,7,37,44
Q1538082,24,1,25
Q1538804,29,0,29
Q1539062,38,0,38
Q1540185,2,1,3
Q1540553,5,2,7
Q1541206,10,6,16
Q1541450,3,8,11
Q1542119,8,17,25
Q1542129,20,9,29
Q1542130,4,3,7
Q1542136,0,3,3
Q1542147,5,5,10
Q1542148,4,11,15
Q1542160,5,9,14
Q1542163,4,14,18
Q1542169,4,1,5
Q1542172,6,22,28
Q1542180,4,0,4
Q1542186,4,8,12
Q1542199,5,9,14
Q1542205,5,17,22
Q1542213,6,62,68
Q1542296,4,0,4
Q1542306,4,1,5
Q1542308,5,1,6
Q1542319,5,1,6
Q1542326,9,1,10
Q1542327,5,2,7
Q1542330,5,1,6
Q1542334,8,1,9
Q1542342,5,2,7
Q1542343,2,16,18
Q1542347,4,13,17
Q1542352,3,4,7
Q1542521,2,8,10
Q1543268,3,16,19
Q1543426,9,8,17
Q1543439,35,0,35
Q1543744,3,0,3
Q1544011,11,16,27
Q1544869,6,0,6
Q1544904,17,5,22
Q1545340,21,2,23
Q1545414,8,7,15
Q1545713,3,1,4
Q1546001,9,1,10
Q1546066,5,1,6
Q1546191,14,4,18
Q1546270,1,6,7
Q1547289,3,7,10
Q1547546,3,43,46
Q1548170,0,6,6
Q1548492,2,8,10
Q1548644,6,0,6
Q1549416,0,8,8
Q1549591,2,607,609
Q1549932,7,1,8
Q1551917,12,7,19
Q1552010,5,1,6
Q1553186,6,0,6
Q1554228,3,4,7
Q1554656,6,5,11
Q1557308,23,2,25
Q1559701,5,24,29
Q1563710,8,0,8
Q1564667,9,5,14
Q1566335,25,3,28
Q1567032,3,0,3
Q1567748,9,5,14
Q1568835,17,1,18
Q1569216,16,0,16
Q1569495,8,2,10
Q1569923,33,0,33
Q1570468,7,1,8
Q1571938,3,16,19
Q1572845,1,16,17
Q1573212,0,5,5
Q1573631,3,1,4
Q1574185,8,2,10
Q1574424,6,3,9
Q1576873,23,6,29
Q1579424,2,12,14
Q1579809,7,11,18
Q1581457,5,10,15
Q1582860,32,0,32
Q1582879,1,1,2
Q1582967,4,4,8
Q1583249,4,51,55
Q1583807,2,10,12
Q1584317,18,19,37
Q1584748,5,10,15
Q1585857,9,0,9
Q1588017,4,1,5
Q1589009,1,39,40
Q1590605,2,13,15
Q1592074,14,1,15
Q1593157,9,5,14
Q1595426,0,9,9
Q1600457,0,5,5
Q1605791,5,0,5
Q1606591,3,3,6
Q1606794,9,1,10
Q1607826,4,24,28
Q1609199,17,0,17
Q1610024,10,0,10
Q1611073,6,5,11
Q1611265,7,7,14
Q1611435,0,5,5
Q1612623,6,3,9
Q1615483,4,1,5
Q1615742,2,18,20
Q1616075,5,29,34
Q1616499,5,2,7
Q1616538,20,10,30
Q1617794,33,0,33
Q1618604,3,16,19
Q1618718,11,5,16
Q1619268,3,1,4
Q1620639,41,0,41
Q1620831,27,0,27
Q1620897,15,0,15
Q1620908,2,10,12
Q1620945,2,19,21
Q1621107,8,1,9
Q1621425,9,11,20
Q1621467,5,0,5
Q1621909,25,0,25
Q1622208,4,0,4
Q1622272,3,101,104
Q1622296,0,7,7
Q1622507,4,6,10
Q1622732,9,9,18
Q1623314,7,12,19
Q1624413,26,0,26
Q1624932,4,41,45
Q1625059,23,0,23
Q1625242,40,0,40
Q1625328,4,24,28
Q1626186,52,0,52
Q1626388,14,5,19
Q1626895,10,6,16
Q1627038,5,7,12
Q1627408,20,25,45
Q1630304,13,122,135
Q1631384,5,0,5
Q1631735,9,0,9
Q1631998,53,47,100
Q1632007,6,1,7
Q1632040,25,0,25
Q1632098,4,5,9
Q1632100,4,5,9
Q1632103,3,5,8
Q1632109,3,5,8
Q1634847,3,15,18
Q1635307,3,13,16
Q1636558,7,0,7
Q1636955,5,8,13
Q1637070,4,8,12
Q1637139,31,0,31
Q1637212,4,8,12
Q1637250,4,6,10
Q1637285,4,0,4
Q1637706,2,6,8
Q1637790,10,2,12
Q1638113,3,0,3
Q1638207,4,11,15
Q1638793,5,1,6
Q1640319,5,23,28
Q1640569,3,0,3
Q1640877,14,1,15
Q1640956,3,9,12
Q1641788,13,3,16
Q1641839,5,30,35
Q1643514,3,25,28
Q1643549,3,0,3
Q1644016,5,3,8
Q1645215,3,6,9
Q1645834,8,9,17
Q1646181,10,6,16
Q1646482,0,5,5
Q1647246,11,6,17
Q1647268,13,6,19
Q1647814,9,0,9
Q1647937,11,5,16
Q1648927,4,3,7
Q1649567,5,0,5
Q1649787,20,0,20
Q1649871,0,4,4
Q1650296,3,2,5
Q1650499,7,5,12
Q1650915,4,5,9
Q1651279,31,0,31
Q1652953,0,5,5
Q1653137,28,18,46
Q1653207,2,6,8
Q1653448,25,3,28
Q1653721,9,0,9
Q1654951,2,17,19
Q1655440,0,5,5
Q1655608,12,9,21
Q1655682,11,5,16
Q1656259,3,0,3
Q1658604,13,5,18
Q1659569,7,15,22
Q1659572,8,15,23
Q1659581,3,4,7
Q1659585,0,2,2
Q1659587,0,5,5
Q1659591,3,9,12
Q1660027,6,2,8
Q1660305,5,5,10
Q1660312,0,6,6
Q1660432,17,0,17
Q1661325,6,0,6
Q1661751,6,0,6
Q1664537,24,0,24
Q1666270,9,0,9
Q1666471,3,6,9
Q1666720,7,12,19
Q1666934,0,5,5
Q1668154,2,0,2
Q1671533,6,0,6
Q1677114,8,15,23
Q1677155,8,5,13
Q1677262,9,9,18
Q1677925,4,1,5
Q1678831,12,6,18
Q1680589,2,2,4
Q1681198,10,20,30
Q1681928,5,0,5
Q1682329,9,1,10
Q1683011,7,5,12
Q1685654,16,4,20
Q1685876,24,4,28
Q1686232,10,1,11
Q1687643,6,5,11
Q1687736,13,1,14
Q1688147,8,5,13
Q1689081,18,3,21
Q1689199,11,4,15
Q1690817,12,8,20
Q1691384,13,0,13
Q1691527,7,5,12
Q1691552,11,3,14
Q1691709,0,5,5
Q1691932,3,7,10
Q1695023,2,8,10
Q1696916,7,5,12
Q1697043,30,0,30
Q1699298,11,6,17
Q1699428,7,0,7
Q1699539,7,6,13
Q1700477,9,7,16
Q1700510,2,5,7
Q1701025,10,5,15
Q1701116,10,5,15
Q1701254,25,4,29
Q1701620,26,7,33
Q1702106,5,10,15
Q1702783,10,9,19
Q1702819,14,0,14
Q1703265,6,0,6
Q1703577,1,1,2
Q1703608,44,0,44
Q1705192,7,0,7
Q1706678,7,8,15
Q1706859,10,9,19
Q1707407,8,0,8
Q1707954,18,1,19
Q1707966,11,2,13
Q1708409,5,0,5
Q1708464,5,8,13
Q1708504,19,1,20
Q1709010,7,0,7
Q1710778,0,5,5
Q1712140,8,53,61
Q1712369,8,6,14
Q1713151,16,19,35
Q1713564,7,4,11
Q1713744,0,4,4
Q1714175,16,0,16
Q1715774,9,11,20
Q1716894,5,1,6
Q1717986,5,5,10
Q1718449,15,2,17
Q1718760,5,6,11
Q1720784,5,11,16
Q1720855,22,0,22
Q1722258,3,0,3
Q1723064,8,68,76
Q1726563,0,7,7
Q1727138,5,14,19
Q1728848,11,0,11
Q1737734,10,0,10
Q1738793,134,145,279
Q1741232,47,1,48
Q1741329,4,3,7
Q1742077,4,0,4
Q1742192,4,1,5
Q1743327,5,8,13
Q1743733,8,1,9
Q1747372,3,7,10
Q1747601,9,0,9
Q1747689,7,17,24
Q1747983,3,0,3
Q1748652,11,7,18
Q1749182,10,6,16
Q1749269,2,8,10
Q1749539,4,12,16
Q1750712,16,7,23
Q1750774,20,8,28
Q1750919,3,6,9
Q1751432,8,7,15
Q1752144,26,10,36
Q1752518,33,0,33
Q1752538,31,0,31
Q1752743,2,0,2
Q1753207,5,1,6
Q1753498,27,0,27
Q1753535,16,4,20
Q1754110,4,7,11
Q1754382,13,5,18
Q1754478,25,0,25
Q1754755,39,0,39
Q1754756,13,0,13
Q1754773,37,0,37
Q1754965,22,2,24
Q1755412,2,4,6
Q1755578,29,0,29
Q1755864,30,0,30
Q1756332,5,0,5
Q1756813,6,0,6
Q1757366,4,9,13
Q1757562,2,8,10
Q1758037,4,1,5
Q1759246,7,13,20
Q1759336,3,0,3
Q1759986,2,1,3
Q1760081,23,0,23
Q1760178,6,6,12
Q1760438,11,11,22
Q1760791,7,2,9
Q1762059,4,139,143
Q1765120,4,0,4
Q1765465,4,1,5
Q1766280,4,11,15
Q1767829,1,19,20
Q1768043,3,16,19
Q1768108,4,71,75
Q1768199,1,4,5
Q1768366,16,0,16
Q1768629,2,10,12
Q1768721,3,120,123
Q1769490,3,8,11
Q1770695,3,2,5
Q1771319,2,13,15
Q1771717,12,1,13
Q1773949,3,3,6
Q1773951,1,4,5
Q1774629,5,0,5
Q1774648,4,10,14
Q1775277,9,57,66
Q1776156,2,14,16
Q1776226,4,1,5
Q1776271,22,0,22
Q1777800,10,7,17
Q1778362,19,0,19
Q1779543,8,5,13
Q1779974,19,0,19
Q1780176,6,3,9
Q1780328,3,6,9
Q1780634,55,93,148
Q1780816,14,5,19
Q1780995,7,5,12
Q1781094,8,0,8
Q1781513,0,4,4
Q1782383,19,0,19
Q1782589,4,7,11
Q1782948,9,2,11
Q1783178,13,0,13
Q1783207,6,0,6
Q1783222,0,5,5
Q1783509,4,3,7
Q1783603,5,3,8
Q1783608,6,6,12
Q1783924,0,7,7
Q1784748,13,3,16
Q1784838,6,7,13
Q1785291,12,3,15
Q1785329,7,8,15
Q1786078,13,11,24
Q1786567,1,11,12
Q1787111,0,13,13
Q1787152,6,1,7
Q1788716,0,9,9
Q1789030,4,88,92
Q1789102,4,123,127
Q1789544,4,10,14
Q1789910,4,2,6
Q1790273,2,12,14
Q1790281,6,12,18
Q1790292,65,20,85
Q1790886,6,3,9
Q1792379,2,16,18
Q1792450,4,6,10
Q1792571,0,7,7
Q1792644,0,5,5
Q1797448,8,3,11
Q1797768,13,4,17
Q1797817,7,1,8
Q1798154,4,0,4
Q1798603,3,3,6
Q1798612,6,0,6
Q1799398,0,15,15
Q1799442,5,9,14
Q1800135,3,5,8
Q1800397,15,1,16
Q1800833,1,1,2
Q1801792,10,6,16
Q1803708,9,1,10
Q1804810,8,6,14
Q1804811,8,6,14
Q1804942,9,0,9
Q1805085,8,3,11
Q1805145,10,0,10
Q1805906,10,5,15
Q1806065,18,8,26
Q1806079,16,2,18
Q1806300,5,0,5
Q1806985,15,2,17
Q1808004,11,8,19
Q1808301,10,7,17
Q1808542,0,6,6
Q1809038,12,7,19
Q1809086,3,0,3
Q1809499,5,0,5
Q1810264,14,1,15
Q1811134,25,0,25
Q1811175,6,6,12
Q1811283,1,10,11
Q1811372,0,5,5
Q1811812,0,5,5
Q1811998,7,7,14
Q1812600,4,1,5
Q1813408,2,8,10
Q1814220,0,6,6
Q1814758,9,0,9
Q1814818,4,5,9
Q1815243,13,0,13
Q1815371,3,9,12
Q1815623,3,0,3
Q1815710,6,0,6
Q1817686,4,0,4
Q1822905,3,0,3
Q1826885,26,6,32
Q1827102,0,5,5
Q1827208,0,1,1
Q1827827,6,7,13
Q1830242,12,6,18
Q1831486,6,12,18
Q1835695,4,0,4
Q1836411,4,3,7
Q1848657,6,3,9
Q1848896,4,0,4
Q1849138,8,10,18
Q1849843,9,0,9
Q1849964,3,0,3
Q1852025,5,0,5
Q1852090,12,5,17
Q1852228,1,0,1
Q1852859,2,13,15
Q1853623,3,0,3
Q1854488,18,2,20
Q1857066,21,2,23
Q1857753,15,6,21
Q1859178,12,0,12
Q1859256,9,5,14
Q1859510,12,5,17
Q1861687,18,1,19
Q1867820,0,5,5
Q1868921,24,13,37
Q1868927,33,5,38
Q1868950,3,12,15
Q1869874,1,6,7
Q1872239,7,0,7
Q1872575,12,6,18
Q1874622,6,0,6
Q1875606,2,7,9
Q1878909,10,6,16
Q1881437,5,18,23
Q1882874,6,0,6
Q1886223,3,8,11
Q1887278,9,2,11
Q1887879,15,3,18
Q1888771,10,6,16
Q1888937,3,0,3
Q1889124,9,9,18
Q1889355,10,5,15
Q1889725,9,9,18
Q1890400,19,0,19
Q1891156,5,0,5
Q1893008,10,6,16
Q1895354,13,1,14
Q1897677,7,6,13
Q1899347,5,1,6
Q1899781,7,10,17
Q1899850,26,23,49
Q1901835,1,5,6
Q1902016,7,2,9
Q1906085,12,0,12
Q1906490,4,1,5
Q1907114,4,12,16
Q1908073,1,8,9
Q1908566,6,4,10
Q1909156,9,5,14
Q1914636,1,21,22
Q1919632,3,27,30
Q1920219,1,6,7
Q1921640,3,0,3
Q1922071,1,2,3
Q1922279,2,6,8
Q1925718,7,0,7
Q1925963,2,11,13
Q1927145,3,1,4
Q1927705,9,3,12
Q1928373,3,2,5
Q1928978,5,6,11
Q1928989,2,36,38
Q1929297,24,2,26
Q1929352,3,6,9
Q1929388,18,1,19
Q1929616,5,11,16
Q1930187,9,185,194
Q1930698,20,2,22
Q1930918,8,1,9
Q1931388,1,12,13
Q1933462,6,0,6
Q1934278,16,6,22
Q1934625,5,10,15
Q1934817,2,0,2
Q1935609,2,2,4
Q1938003,8,31,39
Q1938795,1,0,1
Q1939211,20,1,21
Q1939485,5,6,11
Q1942940,9,8,17
Q1946521,3,5,8
Q1948730,3,4,7
Q1952033,7,1,8
Q1954956,2,7,9
Q1957108,0,5,5
Q1959196,4,1,5
Q1961140,8,0,8
Q1964106,7,6,13
Q1964369,10,5,15
Q1964387,7,5,12
Q1964968,3,8,11
Q1965038,10,0,10
Q1966681,21,0,21
Q1966910,0,12,12
Q1966965,3,367,370
Q1967146,4,6,10
Q1967162,5,1,6
Q1967202,3,2,5
Q1967719,40,31,71
Q1967731,47,34,81
Q1967852,5,10,15
Q1968020,14,0,14
Q1968839,14,12,26
Q1968853,28,1,29
Q1969034,3,0,3
Q1969128,7,4,11
Q1969256,4,0,4
Q1969707,7,8,15
Q1969730,2,60,62
Q1969967,15,1,16
Q1970206,7,0,7
Q1970454,11,14,25
Q1970746,4,75,79
Q1971717,16,1,17
Q1971768,15,18,33
Q1971984,21,7,28
Q1972217,3,0,3
Q1972829,3,5,8
Q1973834,4,1,5
Q1974722,12,1,13
Q1974839,2,0,2
Q1979607,4,9,13
Q1983066,4,8,12
Q1983457,8,21,29
Q1983712,14,0,14
Q1984236,2,5,7
Q1985488,17,8,25
Q1985783,5,0,5
Q1986271,5,0,5
Q1987504,2,7,9
Q1988428,3,1,4
Q1989585,26,0,26
Q1989904,6,1,7
Q1990143,13,0,13
Q1990792,10,4,14
Q1992008,11,1,12
Q1992938,33,1,34
Q1992967,11,7,18
Q1994926,2,16,18
Q1995569,4,0,4
Q1995856,3,1,4
Q1997305,3,0,3
Q1997321,7,2,9
Q1998131,0,6,6
Q1998195,6,17,23
Q1998866,13,5,18
Q1999640,23,5,28
Q1999690,1,1,2
Q2000095,0,2,2
Q2000598,15,0,15
Q2000624,11,0,11
Q2000666,5,6,11
Q2000700,4,15,19
Q2001231,8,0,8
Q2001305,2,20,22
Q2001966,9,10,19
Q2003221,0,12,12
Q2003342,7,2,9
Q2003471,10,7,17
Q2004409,14,20,34
Q2005056,25,0,25
Q2005146,15,3,18
Q2005201,8,10,18
Q2005647,6,1,7
Q2006542,11,5,16
Q2006869,18,6,24
Q2009573,15,15,30
Q2016252,0,8,8
Q2016567,5,5,10
Q2017182,10,0,10
Q2017211,12,0,12
Q2017333,27,0,27
Q2017684,10,4,14
Q2017779,3,18,21
Q2018307,6,1,7
Q2018526,0,5,5
Q2019317,5,1,6
Q2021531,19,1,20
Q2022113,1,0,1
Q2022163,3,1,4
Q2025392,13,6,19
Q2026379,7,0,7
Q2027579,9,5,14
Q2028781,0,3,3
Q2029246,2,5,7
Q2029901,1,17,18
Q2031292,17,6,23
Q2031670,8,5,13
Q2032630,4,8,12
Q2033052,40,0,40
Q2034661,5,4,9
Q2036076,7,0,7
Q2037125,12,7,19
Q2038247,0,6,6
Q2038656,14,1,15
Q2039348,4,12,16
Q2041543,3,401,404
Q2043175,3,0,3
Q2045695,3,7,10
Q2045972,6,1,7
Q2049232,14,0,14
Q2050326,6,5,11
Q2050378,10,7,17
Q2050534,21,0,21
Q2051387,9,6,15
Q2052002,11,6,17
Q2052291,4,8,12
Q2053826,9,9,18
Q2057248,11,7,18
Q2057259,4,1,5
Q2057449,12,9,21
Q2057971,0,5,5
Q2058196,11,0,11
Q2059704,3,194,197
Q2060077,52,0,52
Q2060840,11,36,47
Q2061176,6,2,8
Q2061530,5,0,5
Q2061948,5,1,6
Q2062049,7,10,17
Q2062126,10,0,10
Q2062658,14,1,15
Q2063318,12,9,21
Q2065128,5,5,10
Q2065769,15,0,15
Q2066131,2,8,10
Q2068658,7,1,8
Q2070360,0,5,5
Q2070525,17,5,22
Q2070564,37,0,37
Q2071905,6,3,9
Q2072393,5,0,5
Q2073466,6,6,12
Q2073496,12,9,21
Q2074618,7,7,14
Q2074737,3,6,9
Q2075598,8,7,15
Q2076005,7,6,13
Q2079232,5,9,14
Q2079473,13,5,18
Q2079534,4,29,33
Q2079909,12,6,18
Q2079954,25,1,26
Q2081108,10,5,15
Q2081786,4,0,4
Q2081806,4,0,4
Q2082282,4,0,4
Q2084961,8,0,8
Q2085267,3,2,5
Q2085270,3,6,9
Q2085376,2,19,21
Q2085381,6,36,42
Q2086913,5,125,130
Q2088357,0,5,5
Q2089918,3,22,25
Q2089923,2,19,21
Q2090893,15,18,33
Q2091008,3,1,4
Q2091526,1,0,1
Q2092093,5,0,5
Q2092392,10,0,10
Q2092688,10,0,10
Q2092755,5,1,6
Q2092962,3,19,22
Q2093110,12,2,14
Q2093794,14,13,27
Q2094177,8,3,11
Q2095114,5,0,5
Q2095173,2,2,4
Q2095549,3,28,31
Q2096633,2,13,15
Q2097994,2,6,8
Q2104471,7,8,15
Q2106128,0,5,5
Q2110156,4,28,32
Q2110901,0,5,5
Q2111133,3,12,15
Q2114149,8,5,13
Q2114175,2,0,2
Q2116124,13,1,14
Q2116650,3,8,11
Q2116797,15,0,15
Q2117272,12,4,16
Q2117397,2,3,5
Q2117891,4,3,7
Q2118696,2,5,7
Q2119348,31,0,31
Q2120540,30,1,31
Q2121056,36,0,36
Q2124886,8,0,8
Q2126049,9,4,13
Q2128498,2,5,7
Q2129100,5,0,5
Q2130828,10,0,10
Q2131160,20,1,21
Q2131368,17,2,19
Q2131379,3,15,18
Q2133840,8,7,15
Q2135465,0,6,6
Q2137852,3,21,24
Q2138235,8,2,10
Q2140077,6,2,8
Q2140332,0,3,3
Q2140674,2,24,26
Q2140778,16,1,17
Q2140930,5,0,5
Q2141212,23,3,26
Q2141296,0,5,5
Q2143665,4,74,78
Q2143781,2,25,27
Q2145031,2,5,7
Q2151576,6,0,6
Q2151619,7,0,7
Q2151750,5,8,13
Q2152210,2,13,15
Q2152459,8,4,12
Q2154182,5,0,5
Q2154459,5,12,17
Q2156496,7,10,17
Q2157353,8,11,19
Q2158362,2,8,10
Q2159621,5,7,12
Q2160982,11,6,17
Q2162645,9,0,9
Q2164222,9,4,13
Q2164531,9,8,17
Q2165499,14,1,15
Q2165739,6,8,14
Q2166359,4,2,6
Q2167384,5,18,23
Q2171187,3,6,9
Q2173366,2,7,9
Q2175092,6,13,19
Q2187392,4,3,7
Q2187693,12,0,12
Q2198146,4,0,4
Q2198855,0,6,6
Q2199864,0,7,7
Q2213391,5,4,9
Q2216535,7,24,31
Q2216597,9,8,17
Q2219286,5,0,5
Q2221906,5,12,17
Q2223675,17,0,17
Q2226293,17,0,17
Q2227969,16,0,16
Q2234548,0,5,5
Q2238008,12,2,14
Q2238236,4,2,6
Q2240987,11,6,17
Q2247186,2,5,7
Q2252262,4,93,97
Q2254193,4,6,10
Q2254427,1,6,7
Q2255525,11,0,11
Q2256407,5,2,7
Q2259451,4,1568,1572
Q2260058,2,8,10
Q2260913,12,9,21
Q2261430,1,9,10
Q2261440,0,8,8
Q2262157,10,9,19
Q2262850,8,5,13
Q2264873,8,0,8
Q2264924,0,53,53
Q2265203,13,0,13
Q2265719,4,10,14
Q2267705,8,22,30
Q2268159,3,0,3
Q2268922,4,1,5
Q2270687,10,8,18
Q2271049,18,0,18
Q2272100,2,5,7
Q2276547,8,5,13
Q2277860,6,6,12
Q2278195,7,1,8
Q2278254,10,7,17
Q2278256,3,11,14
Q2278533,22,8,30
Q2280497,4,11,15
Q2281409,5,6,11
Q2281662,2,12,14
Q2283527,7,7,14
Q2283665,3,4,7
Q2284236,16,1,17
Q2284765,9,1,10
Q2285706,3,7,10
Q2287397,35,0,35
Q2287450,0,5,5
Q2287759,3,0,3
Q2288792,9,0,9
Q2289786,1,1,2
Q2292320,3,4,7
Q2294693,28,27,55
Q2294705,28,14,42
Q2295011,23,14,37
Q2295041,26,19,45
Q2295429,11,2,13
Q2296147,20,9,29
Q2296495,3,0,3
Q2297042,5,0,5
Q2297044,4,1,5
Q2297053,3,0,3
Q2297431,0,5,5
Q2297608,3,6,9
Q2297670,0,5,5
Q2297757,10,4,14
Q2297927,4,63,67
Q2298323,9,0,9
Q2298387,6,0,6
Q2299378,20,0,20
Q2300341,28,2,30
Q2300423,2,0,2
Q2301189,0,7,7
Q2301679,3,0,3
Q2302133,2,2,4
Q2302280,11,5,16
Q2302311,16,3,19
Q2302319,8,2,10
Q2302336,16,3,19
Q2303493,3,0,3
Q2303536,14,0,14
Q2303715,2,0,2
Q2303765,8,0,8
Q2304429,15,0,15
Q2304909,1,2,3
Q2305208,14,27,41
Q2305609,5,0,5
Q2305987,2,1,3
Q2306091,4,12,16
Q2306995,26,0,26
Q2308234,5,12,17
Q2308444,4,5,9
Q2311775,5,5,10
Q2312410,1,18,19
Q2313940,9,8,17
Q2314842,8,5,13
Q2315802,32,4,36
Q2318968,25,2,27
Q2319420,9,1,10
Q2321706,6,6,12
Q2321734,2,12,14
Q2323986,13,0,13
Q2324150,9,8,17
Q2325642,12,9,21
Q2326925,7,7,14
Q2327515,2,7,9
Q2329480,5,3,8
Q2331177,4,13,17
Q2332751,3,10,13
Q2333358,3,0,3
Q2334526,15,6,21
Q2334893,3,5,8
Q2335359,6,5,11
Q2336453,18,0,18
Q2336530,3,0,3
Q2336819,3,4,7
Q2338071,2,14,16
Q2338107,2,23,25
Q2338889,4,39,43
Q2340668,2,15,17
Q2341039,6,0,6
Q2341602,15,3,18
Q2342292,8,10,18
Q2342548,6,0,6
Q2344673,7,5,12
Q2347152,11,1,12
Q2347318,7,10,17
Q2347669,7,8,15
Q2347975,6,4,10
Q2348108,4,9,13
Q2350830,9,2,11
Q2350896,4,23,27
Q2353921,15,0,15
Q2357620,18,18,36
Q2357791,8,5,13
Q2358089,4,11,15
Q2358400,6,7,13
Q2358684,20,0,20
Q2364867,15,0,15
Q2367175,38,3,41
Q2369237,12,6,18
Q2369674,0,5,5
Q2370801,8,9,17
Q2371372,3,5,8
Q2374149,2,7,9
Q2376648,2,8,10
Q2378505,3,0,3
Q2379199,5,8,13
Q2383208,7,5,12
Q2383623,15,1,16
Q2384419,0,16,16
Q2385804,5,23,28
Q2386070,3,5,8
Q2386182,10,0,10
Q2389651,3,2,5
Q2390139,5,0,5
Q2390402,19,0,19
Q2390478,8,5,13
Q2392121,13,0,13
Q2392515,5,0,5
Q2393205,0,5,5
Q2394603,15,9,24
Q2395069,10,6,16
Q2395126,4,1,5
Q2396028,2,6,8
Q2396324,14,8,22
Q2399424,2,0,2
Q2400678,7,1,8
Q2404568,3,0,3
Q2405352,5,8,13
Q2405480,3,1274,1277
Q2405781,9,5,14
Q2407862,2,9,11
Q2408653,1,0,1
Q2408776,3,0,3
Q2408777,5,0,5
Q2410088,13,3,16
Q2410539,3,1,4
Q2411441,11,8,19
Q2412586,14,2,16
Q2412823,13,0,13
Q2413622,5,0,5
Q2413805,11,1,12
Q2414216,5,0,5
Q2414252,16,15,31
Q2414469,7,0,7
Q2414873,5,17,22
Q2415769,7,9,16
Q2415901,10,31,41
Q2417149,10,9,19
Q2418096,3,11,14
Q2418495,2,16,18
Q2418896,0,6,6
Q2419093,32,0,32
Q2419102,5,5,10
Q2420151,1,3,4
Q2420755,13,5,18
Q2421031,3,47,50
Q2422622,5,14,19
Q2424752,3,13,16
Q2424994,12,7,19
Q2427544,31,6,37
Q2431196,0,6,6
Q2432123,8,5,13
Q2434354,10,5,15
Q2434817,12,6,18
Q2435305,8,6,14
Q2435402,0,5,5
Q2437145,21,0,21
Q2437689,9,6,15
Q2438420,8,5,13
Q2438469,10,7,17
Q2438510,3,0,3
Q2438541,0,14,14
Q2439025,2,14,16
Q2442401,4,17,21
Q2442555,9,5,14
Q2446795,9,6,15
Q2446852,0,4,4
Q2447078,1,24,25
Q2447488,9,2,11
Q2447719,3,0,3
Q2447844,5,1,6
Q2447922,9,9,18
Q2449634,7,6,13
Q2450848,11,45,56
Q2452126,13,3,16
Q2454247,9,0,9
Q2454427,1,10,11
Q2454742,12,7,19
Q2456777,12,1,13
Q2460693,11,1,12
Q2462064,5,17,22
Q2462658,1,5,6
Q2463743,1,2,3
Q2465314,0,6,6
Q2465518,21,2,23
Q2465832,3,21,24
Q2467461,1,4,5
Q2468138,14,2,16
Q2469336,12,5,17
Q2469967,8,5,13
Q2472587,6,10,16
Q2475653,15,2,17
Q2475741,13,2,15
Q2478141,2,17,19
Q2482872,5,5,10
Q2483321,8,3,11
Q2484170,8,1,9
Q2484376,4,234,238
Q2484680,5,24,29
Q2485680,3,9,12
Q2487180,10,9,19
Q2490358,3,37,40
Q2491464,10,4,14
Q2495519,10,3,13
Q2495783,7,6,13
Q2495809,7,5,12
Q2495858,4,10,14
Q2495863,34,4,38
Q2496575,18,0,18
Q2498808,16,9,25
Q2499130,4,8,12
Q2500638,0,9,9
Q2500974,7,3,10
Q2503809,11,2,13
Q2504576,5,2,7
Q2509482,9,0,9
Q2510955,6,3,9
Q2512777,0,5,5
Q2514422,17,6,23
Q2514679,4,9,13
Q2514863,10,15,25
Q2516866,4,8,12
Q2517263,3,3,6
Q2518963,9,5,14
Q2521211,35,0,35
Q2521339,0,5,5
Q2526255,10,1609,1619
Q2529381,14,15,29
Q2529400,4,6,10
Q2529789,106,36,142
Q2529982,9,3,12
Q2530270,148,91,239
Q2531955,29,2,31
Q2531956,2,12,14
Q2535855,14,7,21
Q2537765,8,3,11
Q2539193,3,0,3
Q2544556,10,7,17
Q2544572,11,0,11
Q2544573,9,2,11
Q2544851,32,24,56
Q2544859,34,33,67
Q2545135,4,0,4
Q2545565,27,0,27
Q2545719,6,0,6
Q2547465,4,1,5
Q2547676,5,6,11
Q2547946,25,0,25
Q2548090,8,1,9
Q2549777,3,1,4
Q2551540,4,1,5
Q2556103,16,5,21
Q2556703,10,8,18
Q2557171,6,0,6
Q2557451,10,1,11
Q2557998,0,11,11
Q2558129,12,8,20
Q2558191,11,1,12
Q2558222,4,5,9
Q2561317,3,6,9
Q2561438,2,2,4
Q2563511,8,6,14
Q2563751,11,15,26
Q2565243,4,19,23
Q2569995,15,0,15
Q2570643,8,7,15
Q2572165,11,8,19
Q2572270,8,1,9
Q2572399,8,0,8
Q2572585,4,18,22
Q2573610,4,1,5
Q2574548,24,1,25
Q2574590,7,5,12
Q2575752,12,5,17
Q2576206,9,5,14
Q2576280,4,1,5
Q2576666,9,5,14
Q2576795,25,31,56
Q2576962,7,11,18
Q2577303,5,6,11
Q2577883,0,8,8
Q2579107,7,5,12
Q2579492,5,12,17
Q2581424,8,0,8
Q2581649,1,25,26
Q2581981,12,0,12
Q2589465,3,0,3
Q2594990,9,1,10
Q2598599,10,8,18
Q2599077,5,11,16
Q2601102,20,0,20
Q2603334,5,2,7
Q2603349,1,5,6
Q2604225,14,0,14
Q2604288,48,1,49
Q2604581,26,0,26
Q2604800,5,45,50
Q2606383,5,0,5
Q2606507,11,5,16
Q2607454,5,0,5
Q2608849,1,7,8
Q2610941,7,0,7
Q2610975,23,0,23
Q2611552,1,17,18
Q2614533,4,0,4
Q2615641,13,0,13
Q2617520,1,3,4
Q2617927,7,0,7
Q2620100,4,9,13
Q2620177,10,2,12
Q2620610,22,5,27
Q2620648,9,6,15
Q2620855,18,8,26
Q2621011,12,0,12
Q2624066,13,6,19
Q2624520,4,8,12
Q2624848,7,20,27
Q2627082,6,5,11
Q2627090,16,3,19
Q2628156,5,0,5
Q2629392,3,14,17
Q2630467,15,6,21
Q2631586,17,3,20
Q2633389,15,2,17
Q2634446,5,2,7
Q2635096,10,5,15
Q2635632,4,5,9
Q2635672,4,5,9
Q2635688,3,5,8
Q2635699,4,5,9
Q2635714,4,5,9
Q2635725,4,5,9
Q2635982,4,5,9
Q2636009,4,4,8
Q2636213,11,0,11
Q2636696,11,9,20
Q2637917,4,5,9
Q2638248,21,0,21
Q2638370,3,5,8
Q2638642,6,5,11
Q2639828,10,5,15
Q2640056,4,4,8
Q2640431,4,4,8
Q2640450,4,4,8
Q2640460,4,4,8
Q2640503,4,5,9
Q2641821,8,5,13
Q2641956,4,5,9
Q2642437,14,1,15
Q2642760,3,11,14
Q2643509,5,2,7
Q2643890,5,20,25
Q2646553,18,0,18
Q2646713,10,8,18
Q2647961,12,6,18
Q2649438,2,3,5
Q2652651,2,5,7
Q2652939,14,5,19
Q2656047,10,4,14
Q2656696,20,1,21
Q2657718,4,235,239
Q2658370,4,1,5
Q2658935,2,2,4
Q2660844,0,2,2
Q2662148,3,2,5
Q2662756,7,4,11
Q2663714,10,18,28
Q2664701,7,0,7
Q2665674,40,0,40
Q2665874,6,6,12
Q2665878,22,15,37
Q2668072,6,12,18
Q2669403,10,11,21
Q2669971,13,2,15
Q2671438,15,3,18
Q2672163,2,5,7
Q2673522,5,5,10
Q2674710,9,1,10
Q2675537,1,4,5
Q2678111,3,13,16
Q2679090,14,5,19
Q2680038,12,6,18
Q2683767,8,14,22
Q2687578,4,91,95
Q2695156,42,19,61
Q2695280,4,4,8
Q2696072,3,8,11
Q2697320,4,6,10
Q2697337,6,0,6
Q2697412,3,6,9
Q2697584,4,5,9
Q2697589,4,6,10
Q2697596,4,6,10
Q2697856,4,6,10
Q2697864,4,6,10
Q2697875,4,6,10
Q2697882,4,6,10
Q2697885,4,6,10
Q2697902,4,6,10
Q2697910,4,6,10
Q2697925,4,6,10
Q2697940,4,6,10
Q2698207,4,7,11
Q2698214,4,8,12
Q2698220,4,7,11
Q2698226,4,7,11
Q2698232,4,7,11
Q2698238,4,8,12
Q2698239,4,8,12
Q2698244,4,6,10
Q2698248,8,6,14
Q2698249,4,7,11
Q2698250,4,8,12
Q2698273,4,8,12
Q2698482,7,1,8
Q2700070,5,5,10
Q2701386,12,6,18
Q2702252,10,0,10
Q2702789,8,70,78
Q2702964,11,8,19
Q2703264,5,13,18
Q2704237,4,0,4
Q2704409,8,8,16
Q2704502,10,0,10
Q2705112,4,7,11
Q2705118,4,6,10
Q2706388,4,4,8
Q2706691,3,12,15
Q2706734,8,1,9
Q2707485,5,53,58
Q2707718,4,4,8
Q2707888,6,0,6
Q2708222,5,8,13
Q2709112,5,8,13
Q2709988,2,8,10
Q2711972,7,1,8
Q2712978,14,1,15
Q2713545,15,1,16
Q2715652,2,6,8
Q2717605,2,6,8
Q2717612,9,9,18
Q2719725,8,5,13
Q2720141,21,1,22
Q2720648,4,0,4
Q2721194,0,5,5
Q2721586,3,4,7
Q2721855,15,0,15
Q2722764,4,76,80
Q2723471,1,4,5
Q2723876,19,1,20
Q2725623,2,5,7
Q2727598,3,13,16
Q2732142,4,5,9
Q2732470,1,13,14
Q2733913,5,7,12
Q2733992,9,8,17
Q2734945,17,5,22
Q2735625,4,0,4
Q2736728,4,6,10
Q2736753,4,5,9
Q2736760,4,5,9
Q2736766,4,5,9
Q2737217,6,7,13
Q2737435,6,10,16
Q2737528,4,2,6
Q2739748,8,0,8
Q2740357,10,11,21
Q2740389,3,1,4
Q2741536,4,4,8
Q2741776,8,0,8
Q2741850,8,0,8
Q2742292,13,0,13
Q2743435,4,0,4
Q2744017,0,4,4
Q2745262,11,0,11
Q2746012,10,6,16
Q2746176,0,9,9
Q2746831,7,1,8
Q2748093,12,0,12
Q2748513,10,0,10
Q2748620,10,0,10
Q2749279,11,0,11
Q2749572,6,2,8
Q2749583,5,2,7
Q2752205,3,0,3
Q2752922,0,5,5
Q2754439,14,5,19
Q2755547,2,6,8
Q2755753,2,31,33
Q2758667,5,0,5
Q2761980,9,1,10
Q2763698,19,10,29
Q2766939,8,5,13
Q2767170,6,0,6
Q2778807,7,12,19
Q2783694,8,0,8
Q2793276,5,10,15
Q2794660,3,6,9
Q2799212,9,5,14
Q2803671,19,2,21
Q2805565,4,8,12
Q2814799,6,43,49
Q2815777,3,6,9
Q2816274,2,1,3
Q2816325,3,0,3
Q2816426,2,1,3
Q2816448,7,0,7
Q2816456,3,1,4
Q2816734,3,0,3
Q2818024,2,0,2
Q2818384,4,0,4
Q2820073,7,9,16
Q2822396,8,11,19
Q2822443,0,6,6
Q2824523,4,5,9
Q2825721,7,5,12
Q2826718,10,24,34
Q2827706,8,5,13
Q2827965,4,2,6
Q2829373,15,2,17
Q2832952,14,2,16
Q2837687,19,6,25
Q2838353,11,5,16
Q2839215,8,1,9
Q2839609,12,2,14
Q2840937,16,0,16
Q2841453,0,11,11
Q2842325,5,295,300
Q2842560,7,0,7
Q2842604,0,5,5
Q2842905,0,5,5
Q2842976,77,0,77
Q2844572,7,2,9
Q2849121,11,2,13
Q2856134,15,6,21
Q2861470,0,6,6
Q2863003,2,5,7
Q2865227,8,9,17
Q2865308,12,1,13
Q2865389,11,3,14
Q2865801,6,6,12
Q2865819,4,13,17
Q2870023,14,5,19
Q2876213,3,1,4
Q2878144,3,0,3
Q2878277,3,0,3
Q2884013,9,5,14
Q2884709,5,0,5
Q2885767,9,10,19
Q2887379,4,7,11
Q2892219,12,5,17
Q2893526,0,8,8
Q2894685,0,5,5
Q2895601,11,8,19
Q2902300,3,7,10
Q2902978,9,1,10
Q2904557,5,2,7
Q2906631,6,7,13
Q2906822,4,6,10
Q2908942,7,0,7
Q2910457,5,9,14
Q2913982,2,5,7
Q2914170,3,18,21
Q2914539,9,2,11
Q2914560,1,4,5
Q2915506,6,19,25
Q2915955,3,6,9
Q2917466,2,0,2
Q2917968,0,5,5
Q2919046,4,2,6
Q2919117,8,5,13
Q2919454,10,6,16
Q2920458,2,5,7
Q2920921,5,6,11
Q2922164,4,0,4
Q2924449,10,7,17
Q2924461,10,17,27
Q2924500,10,8,18
Q2924850,11,2,13
Q2925687,27,14,41
Q2925695,0,6,6
Q2925696,5,3,8
Q2925697,25,9,34
Q2925698,5,18,23
Q2925700,12,10,22
Q2925701,40,29,69
Q2926038,8,5,13
Q2926599,2,5,7
Q2927648,2,0,2
Q2933976,3,0,3
Q2934669,4,3,7
Q2937293,3,0,3
Q2937480,6,9,15
Q2939081,8,6,14
Q2940994,8,5,13
Q2942050,12,5,17
Q2942203,8,6,14
Q2943801,9,5,14
Q2944360,3,15,18
Q2944669,8,8,16
Q2947541,1,6,7
Q2948724,3,0,3
Q2948726,3,0,3
Q2948727,4,0,4
Q2948728,4,0,4
Q2948730,5,0,5
Q2959307,9,6,15
Q2959794,8,6,14
Q2960052,5,0,5
Q2961972,2,0,2
Q2962070,5,26,31
Q2963878,7,5,12
Q2964799,6,5,11
Q2964857,10,0,10
Q2966537,6,6,12
Q2966652,9,0,9
Q2973181,4,39,43
Q2973201,4,5,9
Q2974368,3,0,3
Q2974371,1,0,1
Q2974552,2,20,22
Q2975633,3,81,84
Q2975651,14,0,14
Q2975925,5,0,5
Q2976730,5,24,29
Q2978308,3,1,4
Q2978917,9,11,20
Q2979657,4,14,18
Q2981152,21,30,51
Q2982621,6,6,12
Q2982991,11,4,15
Q2983464,0,5,5
Q2984602,0,5,5
Q2986228,2,8,10
Q2986587,1,7,8
Q2990283,3,7,10
Q2991560,3,4,7
Q2992372,5,0,5
Q2992857,9,7,16
Q2994760,0,5,5
Q2994894,1,9,10
Q2995464,7,7,14
Q2996045,16,0,16
Q2996526,3,3,6
Q3001888,7,22,29
Q3002053,7,5,12
Q3002075,12,3,15
Q3002936,5,10,15
Q3003133,5,0,5
Q3005562,6,10,16
Q3005851,4,0,4
Q3010012,3,7,10
Q3010352,6,6,12
Q3012414,8,1,9
Q3013121,6,5,11
Q3013247,13,0,13
Q3016196,6,0,6
Q3017460,10,5,15
Q3017750,0,5,5
Q3018199,9,3,12
Q3018205,8,0,8
Q3018358,14,4,18
Q3018583,9,5,14
Q3019357,5,6,11
Q3019359,4,6,10
Q3019364,3,5,8
Q3019365,3,13,16
Q3019369,3,10,13
Q3020806,9,7,16
Q3021821,1,5,6
Q3021900,23,0,23
Q3022086,6,8,14
Q3024240,3,132,135
Q3024424,3,6,9
Q3025728,4,14,18
Q3025883,5,2,7
Q3028200,7,2,9
Q3032333,0,6,6
Q3032420,5,0,5
Q3037157,10,6,16
Q3038028,18,9,27
Q3038772,6,0,6
Q3038793,9,7,16
Q3041294,9,19,28
Q3043547,3,14,17
Q3045427,11,13,24
Q3045762,5,40,45
Q3045844,11,6,17
Q3046190,0,14,14
Q3046356,1,9,10
Q3050241,17,3,20
Q3053163,10,5,15
Q3053254,6,6,12
Q3053268,10,2,12
Q3054941,2,0,2
Q3055086,13,0,13
Q3057268,3,0,3
Q3059567,7,5,12
Q3061320,17,6,23
Q3061791,2,11,13
Q3062632,4,35,39
Q3064264,4,1,5
Q3067564,11,4,15
Q3067892,4,6,10
Q3070813,9,2,11
Q3072039,1,26,27
Q3072042,2,3,5
Q3072043,3,3,6
Q3072049,3,12,15
Q3072747,5,27,32
Q3076762,45,0,45
Q3080929,5,0,5
Q3082744,10,9,19
Q3082862,10,7,17
Q3083213,8,5,13
Q3087644,13,5,18
Q3088127,9,11,20
Q3089275,12,0,12
Q3089940,5,28,33
Q3090544,18,4,22
Q3090628,13,0,13
Q3090795,13,0,13
Q3095353,5,5,10
Q3097943,9,1,10
Q3098559,6,10,16
Q3098626,13,1,14
Q3098911,5,13,18
Q3099573,11,4,15
Q3099987,13,5,18
Q3100500,5,0,5
Q3101822,3,22,25
Q3101983,10,5,15
Q3103867,6,5,11
Q3105259,0,5,5
Q3106542,7,1,8
Q3107449,4,0,4
Q3108788,9,5,14
Q3108914,4,39,43
Q3109076,8,5,13
Q3110027,2,10,12
Q3110058,2,4,6
Q3110914,6,5,11
Q3111264,14,0,14
Q3113011,7,7,14
Q3113378,4,16,20
Q3113381,4,7,11
Q3113382,3,3,6
Q3113384,3,3,6
Q3113385,5,17,22
Q3113415,0,5,5
Q3114616,38,0,38
Q3114765,2,6,8
Q3115713,13,0,13
Q3116093,9,7,16
Q3121014,5,0,5
Q3121114,13,1,14
Q3121493,6,2,8
Q3123491,3,29,32
Q3123705,11,2,13
Q3126801,12,6,18
Q3127832,7,5,12
Q3127927,7,5,12
Q3128016,8,3,11
Q3129613,9,6,15
Q3131545,5,7,12
Q3134980,4,60,64
Q3138815,24,4,28
Q3138831,11,7,18
Q3141777,4,6,10
Q3142726,10,0,10
Q3143067,5,18,23
Q3147245,0,5,5
Q3149505,2,9,11
Q3149951,5,7,12
Q3151032,4,0,4
Q3151430,1,11,12
Q3154735,10,5,15
Q3157150,7,9,16
Q3157185,4,21,25
Q3157197,12,5,17
Q3157229,8,12,20
Q3157232,10,5,15
Q3157279,7,5,12
Q3161218,6,8,14
Q3163048,17,11,28
Q3163215,11,5,16
Q3174312,0,87,87
Q3174727,5,0,5
Q3176542,4,8,12
Q3176886,5,0,5
Q3177566,8,2,10
Q3178478,1,5,6
Q3178896,18,5,23
Q3179541,5,0,5
Q3180253,5,6,11
Q3180462,3,0,3
Q3181443,0,5,5
Q3181656,5,1267,1272
Q3182044,8,8,16
Q3182067,8,5,13
Q3182435,10,0,10
Q3182524,12,1,13
Q3183242,14,0,14
Q3183366,19,0,19
Q3184121,5,5,10
Q3186692,2,4,6
Q3187958,8,7,15
Q3189043,12,5,17
Q3189284,8,5,13
Q3195490,9,5,14
Q3195661,19,0,19
Q3195676,9,7,16
Q3195759,6,5,11
Q3196775,12,1,13
Q3197533,12,6,18
Q3208952,3,5,8
Q3209151,6,5,11
Q3212092,3,5,8
Q3218090,10,7,17
Q3218493,4,1,5
Q3218669,8,3,11
Q3233924,4,3,7
Q3236787,9,6,15
Q3236790,14,0,14
Q3237275,9,6,15
Q3238057,0,7,7
Q3238412,5,5,10
Q3238422,3,32,35
Q3238805,4,5,9
Q3238833,0,5,5
Q3239689,26,1,27
Q3240612,5,0,5
Q3240869,19,1,20
Q3241537,2,6,8
Q3241589,1,13,14
Q3241618,6,5,11
Q3241699,61,1,62
Q3241784,3,18,21
Q3241928,4,0,4
Q3242115,3,10,13
Q3242205,17,6,23
Q3242394,10,6,16
Q3242412,7,8,15
Q3242451,7,5,12
Q3242848,4,3,7
Q3244184,0,5,5
Q3244512,0,5,5
Q3246315,5,0,5
Q3246876,6,1,7
Q3247693,8,1,9
Q3249257,3,5,8
Q3251043,3,6,9
Q3257686,1,4,5
Q3262282,9,12,21
Q3263796,4,5,9
Q3263896,5,1,6
Q3268367,9,1,10
Q3269488,4,0,4
Q3269591,0,5,5
Q3272069,7,4,11
Q3272899,17,0,17
Q3273124,5,1,6
Q3276006,11,0,11
Q3276511,5,5,10
Q3280456,21,0,21
Q3280602,10,0,10
Q3281221,30,0,30
Q3282637,3,1795,1798
Q3286043,2,8,10
Q3286546,3,6,9
Q3286822,19,5,24
Q3292613,12,5,17
Q3294019,16,0,16
Q3294184,8,5,13
Q3294262,11,1,12
Q3295867,15,0,15
Q3296123,9,1,10
Q3298359,7,3,10
Q3299083,1,14,15
Q3299555,5,5,10
Q3301053,4,15,19
Q3302436,17,0,17
Q3302999,10,0,10
Q3303733,4,0,4
Q3304113,6,8,14
Q3305570,9,1,10
Q3307225,3,0,3
Q3307638,19,0,19
Q3307894,0,5,5
Q3307901,0,6,6
Q3307977,9,6,15
Q3308101,15,5,20
Q3308284,2,11,13
Q3308290,8,6,14
Q3308419,10,8,18
Q3308598,7,5,12
Q3309366,12,10,22
Q3312129,4,2,6
Q3313147,0,1,1
Q3314483,0,12,12
Q3317387,6,3,9
Q3319305,4,11,15
Q3319330,2,17,19
Q3320370,1,4,5
Q3320659,13,7,20
Q3320743,0,16,16
Q3321940,1,4,5
Q3323440,2,8,10
Q3323451,3,5,8
Q3323803,2,11,13
Q3323808,3,11,14
Q3323969,7,6,13
Q3327002,3,14,17
Q3327335,2,17,19
Q3327828,10,8,18
Q3329792,8,15,23
Q3329808,11,6,17
Q3330103,5,19,24
Q3331189,0,49,49
Q3332454,4,7,11
Q3333419,0,21,21
Q3333484,5,25,30
Q3335584,6,6,12
Q3339059,4,0,4
Q3343707,11,1,12
Q3345399,15,1,16
Q3345459,5,8,13
Q3348506,17,21,38
Q3350576,12,6,18
Q3351160,17,0,17
Q3352913,1,5,6
Q3353237,5,6,11
Q3354859,1,6,7
Q3356166,2,8,10
Q3357567,3,17,20
Q3358175,4,1,5
Q3359409,10,7,17
Q3360656,7,5,12
Q3361195,11,5,16
Q3362499,19,12,31
Q3365235,7,5,12
Q3366024,4,0,4
Q3367868,7,2,9
Q3368537,13,9,22
Q3369762,3,33,36
Q3370745,7,7,14
Q3376423,4,7,11
Q3376428,6,6,12
Q3376736,8,6,14
Q3378750,9,0,9
Q3381638,2,5,7
Q3382191,4,6,10
Q3382998,6,9,15
Q3386144,18,5,23
Q3387717,5,118,123
Q3391743,3,32,35
Q3392853,3,10,13
Q3400794,1,5,6
Q3400985,1,11,12
Q3401588,9,0,9
Q3403229,5,21,26
Q3403230,4,17,21
Q3404405,2,8,10
Q3404499,4,7,11
Q3404521,37,17,54
Q3404523,42,16,58
Q3404578,0,5,5
Q3404587,5,4,9
Q3404975,3,6,9
Q3405005,2,1,3
Q3405076,3,4,7
Q3405405,1,5,6
Q3405406,13,13,26
Q3405409,12,17,29
Q3405798,1,0,1
Q3405805,6,2,8
Q3405814,3,0,3
Q3405815,2,20,22
Q3406307,3,0,3
Q3406648,3,8,11
Q3408764,3,0,3
Q3413417,10,7,17
Q3414212,63,116,179
Q3415083,1,18,19
Q3417981,8,1,9
Q3418007,0,4,4
Q3422434,1,7,8
Q3422999,0,5,5
Q3427922,3,16,19
Q3429919,0,5,5
Q3430193,7,5,12
Q3430768,6,5,11
Q3430837,9,5,14
Q3430965,9,5,14
Q3430985,6,5,11
Q3431161,7,6,13
Q3431553,10,5,15
Q3431589,10,0,10
Q3431600,9,4,13
Q3435067,11,0,11
Q3439758,0,5,5
Q3441794,8,3,11
Q3442365,0,6,6
Q3443498,8,1,9
Q3444679,13,3,16
Q3445914,1,8,9
Q3446028,7,16,23
Q3446599,2,61,63
Q3449014,1,0,1
Q3450469,9,6,15
Q3450686,0,5,5
Q3451842,2,5,7
Q3454165,24,13,37
Q3455803,6,594,600
Q3457065,0,16,16
Q3457911,3,5,8
Q3460856,3,0,3
Q3473349,5,5,10
Q3473882,3,7,10
Q3473883,4,8,12
Q3473886,3,3,6
Q3473889,3,11,14
Q3473891,3,15,18
Q3473896,20,17,37
Q3473897,4,20,24
Q3473898,17,23,40
Q3473903,3,21,24
Q3473910,2,12,14
Q3474222,7,6,13
Q3476164,9,5,14
Q3476213,5,13,18
Q3476361,3,7,10
Q3476760,13,5,18
Q3476794,14,5,19
Q3476863,10,5,15
Q3481590,5,5,10
Q3483987,2,7,9
Q3483998,2,1,3
Q3484238,9,8,17
Q3485101,7,2,9
Q3486444,1,4,5
Q3489680,6,0,6
Q3492779,4,1,5
Q3494438,7,0,7
Q3496304,8,0,8
Q3498519,8,5,13
Q3500963,2,8,10
Q3501317,3,53,56
Q3502206,12,1,13
Q3502482,2,27,29
Q3504321,8,6,14
Q3505252,3,15,18
Q3516833,0,6,6
Q3517351,0,9,9
Q3518444,24,0,24
Q3518754,15,1,16
Q3519495,7,0,7
Q3520369,14,0,14
Q3520670,7,0,7
Q3520698,13,1,14
Q3521465,10,21,31
Q3521977,10,1,11
Q3523130,9,0,9
Q3524762,3,0,3
Q3528653,9,5,14
Q3529618,0,5,5
Q3530068,11,0,11
Q3530722,7,11,18
Q3530867,10,2,12
Q3531774,15,0,15
Q3531810,9,3,12
Q3531913,10,2,12
Q3535117,8,6,14
Q3536506,7,7,14
Q3536811,6,0,6
Q3540690,7,3,10
Q3543509,3,4,7
Q3546604,8,6,14
Q3547550,6,3,9
Q3551294,5,3,8
Q3551781,15,5,20
Q3555855,2,6,8
Q3556413,4,8,12
Q3556780,4,1,5
Q3559093,1,5,6
Q3560496,5,8,13
Q3560678,11,6,17
Q3561900,4,5,9
Q3565868,11,2,13
Q3568109,8,8,16
Q3568461,13,8,21
Q3568752,12,3,15
Q3569323,5,8,13
Q3577037,80,1,81
Q3577853,8,0,8
Q3578133,4,3,7
Q3578589,3,29,32
Q3579035,5,8,13
Q3579158,0,5,5
Q3594060,5,0,5
Q3595129,10,1,11
Q3595178,13,0,13
Q3595311,11,1,12
Q3595438,13,1,14
Q3595455,11,1,12
Q3595480,8,0,8
Q3595806,12,1,13
Q3595808,2,12,14
Q3596857,4,1,5
Q3596884,4,1,5
Q3596897,4,1,5
Q3600406,5,25,30
Q3600480,7,0,7
Q3600481,6,0,6
Q3603946,7,9,16
Q3604509,0,1,1
Q3605852,5,0,5
Q3606216,2,5,7
Q3615392,4,3,7
Q3616482,1,6,7
Q3624078,4,263,267
Q3625727,4,8,12
Q3626525,8,0,8
Q3629023,8,9,17
Q3630005,11,0,11
Q3630199,3,0,3
Q3631402,6,0,6
Q3631478,5,0,5
Q3632326,4,0,4
Q3633978,11,1,12
Q3634256,13,1,14
Q3634702,4,12,16
Q3634883,3,6,9
Q3639301,10,10,20
Q3639959,0,5,5
Q3644473,15,6,21
Q3650742,4,0,4
Q3655367,3,3,6
Q3658341,0,5,5
Q3660535,1,5,6
Q3664507,2,4,6
Q3665646,7,31,38
Q3667643,0,5,5
Q3685364,5,5,10
Q3692889,4,5,9
Q3692891,4,6,10
Q3692892,4,6,10
Q3692894,4,6,10
Q3692895,4,6,10
Q3692897,4,6,10
Q3695692,0,5,5
Q3699593,3,6,9
Q3700480,5,6,11
Q3703245,0,6,6
Q3703332,5,5,10
Q3703463,23,13,36
Q3703465,22,9,31
Q3703758,5,7,12
Q3706669,0,7,7
Q3707715,1,0,1
Q3709211,3,4,7
Q3710090,0,7,7
Q3713649,10,6,16
Q3714946,5,1,6
Q3714948,5,1,6
Q3724813,23,7,30
Q3726488,9,5,14
Q3734888,2,17,19
Q3739104,3,0,3
Q3742388,3,9,12
Q3745071,5,7,12
Q3745429,3,8,11
Q3745430,4,7,11
Q3753203,3,7,10
Q3758467,7,14,21
Q3760469,17,5,22
Q3760593,0,5,5
Q3765029,9,0,9
Q3769299,2,4,6
Q3772556,5,1,6
Q3772571,3,27,30
Q3774289,6,3,9
Q3774292,3,1,4
Q3774974,21,13,34
Q3775029,3,24,27
Q3776459,7,5,12
Q3777384,8,5,13
Q3778115,4,0,4
Q3778211,0,5,5
Q3778264,12,6,18
Q3778705,22,1,23
Q3783517,6,7,13
Q3784765,6,5,11
Q3785692,8,2,10
Q3788522,2,4,6
Q3798668,7,0,7
Q3802518,5,6,11
Q3805577,8,5,13
Q3806623,4,15,19
Q3807701,8,0,8
Q3807787,7,0,7
Q3807815,7,7,14
Q3808389,9,7,16
Q3809514,7,5,12
Q3811598,5,1,6
Q3814532,16,0,16
Q3826929,9,6,15
Q3827125,6,5,11
Q3827280,1,6,7
Q3827282,2,6,8
Q3827284,11,6,17
Q3827469,16,10,26
Q3827483,6,4,10
Q3827891,10,6,16
Q3827956,5,11,16
Q3831197,10,9,19
Q3838997,8,5,13
Q3840596,3,3,6
Q3840847,0,5,5
Q3841592,13,4,17
Q3841620,13,6,19
Q3841639,9,5,14
Q3841642,10,6,16
Q3841643,10,5,15
Q3843364,6,3,9
Q3850454,5,7,12
Q3850525,8,5,13
Q3856160,9,5,14
Q3857162,3,2,5
Q3866537,1,29,30
Q3870549,1,2,3
Q3873144,13,16,29
Q3873146,1,2,3
Q3873147,5,5,10
Q3873546,3,7,10
Q3875639,3,5,8
Q3879177,6,6,12
Q3886119,1,0,1
Q3886464,1,4,5
Q3889692,2,5,7
Q3898080,8,17,25
Q3898137,8,6,14
Q3899138,6,13,19
Q3899724,22,1,23
Q3910482,3,8,11
Q3915562,9,6,15
Q3919027,13,11,24
Q3922505,4,13,17
Q3924474,2,6,8
Q3927614,19,15,34
Q3930216,3,3,6
Q3931801,1,11,12
Q3934844,12,6,18
Q3936377,9,5,14
Q3938408,12,16,28
Q3940081,11,5,16
Q3944788,0,8,8
Q3945964,9,5,14
Q3946621,13,6,19
Q3948147,7,5,12
Q3950833,4,1,5
Q3950963,5,0,5
Q3950969,5,1,6
Q3952813,24,8,32
Q3952829,10,7,17
Q3952855,11,5,16
Q3953216,0,5,5
Q3953320,1,0,1
Q3958441,0,5,5
Q3959303,10,11,21
Q3959323,10,5,15
Q3972237,0,5,5
Q3972928,2,7,9
Q3972943,9,15,24
Q3973330,9,5,14
Q3976501,1,0,1
Q3976987,6,1,7
Q3978224,8,5,13
Q3984794,80,0,80
Q3990883,1,20,21
Q3993187,7,2,9
Q3994960,3,0,3
Q3994962,3,0,3
Q3994963,3,0,3
Q3994964,3,0,3
Q3994965,3,0,3
Q3994966,3,0,3
Q3994967,3,0,3
Q3994968,3,0,3
Q3994969,3,0,3
Q3994970,3,0,3
Q3994971,3,0,3
Q3994972,4,0,4
Q3994973,3,0,3
Q3994974,4,0,4
Q3994975,3,0,3
Q3994976,3,0,3
Q3994977,3,0,3
Q3994978,3,0,3
Q3994979,3,0,3
Q3994980,3,0,3
Q3994981,3,0,3
Q4005789,5,8,13
Q4005797,7,1,8
Q4005852,4,5,9
Q4005967,1,5,6
Q4007954,5,9,14
Q4008476,4,7,11
Q4013057,14,2,16
Q4015057,5,0,5
Q4018598,16,0,16
Q4022358,0,5,5
Q4027534,74,3,77
Q4033111,1,5,6
Q4041684,5,18,23
Q4043197,5,9,14
Q4064184,0,5,5
Q4078480,6,5,11
Q4086271,4,73,77
Q4091875,4,8,12
Q4091878,4,34,38
Q4101775,46,0,46
Q4114391,3,274,277
Q4115013,1,3,4
Q4115170,1,2,3
Q4115199,5,0,5
Q4115565,4,6,10
Q4115622,10,0,10
Q4115624,12,0,12
Q4115680,2,5,7
Q4115712,17,1,18
Q4115716,11,0,11
Q4116209,4,7,11
Q4118287,0,5,5
Q4118873,7,9,16
Q4119009,5,0,5
Q4119316,6,3,9
Q4119907,13,0,13
Q4120211,0,12,12
Q4120832,17,8,25
Q4122219,4,1,5
Q4129653,24,1,25
Q4134457,4,1,5
Q4141350,3,13,16
Q4164507,3,5,8
Q4164871,4,108,112
Q4165383,2,7,9
Q4167639,1,31,32
Q4171772,4,1,5
Q4172230,7,9,16
Q4172847,5,2,7
Q4173137,3,511,514
Q4175034,3,3,6
Q4175466,3,0,3
Q4178140,0,9,9
Q4189614,4,7,11
Q4198907,4,47,51
Q4204060,0,5,5
Q4208106,0,5,5
Q4209223,1,6,7
Q4209421,2,11,13
Q4215834,4,2,6
Q4220892,3,15,18
Q4220897,10,0,10
Q4220898,7,22,29
Q4220900,40,37,77
Q4220901,18,29,47
Q4220917,5,55,60
Q4220920,2,25,27
Q4225496,26,7,33
Q4239850,4,33,37
Q4241574,22,7,29
Q4251124,14,1,15
Q4263804,4,12,16
Q4263830,4,12,16
Q4263842,4,46,50
Q4268382,4,0,4
Q4273484,5,0,5
Q4273978,0,5,5
Q4275753,9,1,10
Q4292083,4,13,17
Q4341553,25,0,25
Q4345832,7,9,16
Q4351403,5,11,16
Q4353408,2,7,9
Q4354137,2,3,5
Q4354215,5,7,12
Q4354624,6,1,7
Q4354658,18,0,18
Q4354969,5,7,12
Q4355977,10,0,10
Q4359408,6,19,25
Q4368975,11,0,11
Q4376971,4,0,4
Q4376972,5,29,34
Q4376974,4,0,4
Q4376976,4,0,4
Q4376978,4,0,4
Q4376982,4,0,4
Q4376984,4,10,14
Q4377021,29,18,47
Q4377086,2,6,8
Q4381016,18,1,19
Q4382066,7,1,8
Q4382250,11,1,12
Q4384067,13,0,13
Q4390865,0,5,5
Q4392985,0,6,6
Q4395066,7,0,7
Q4412061,4,1,5
Q4412277,1,0,1
Q4413456,8,27,35
Q4416090,6,25,31
Q4425196,4,5,9
Q4426190,1,21,22
Q4426267,2,5,7
Q4442602,8,5,13
Q4463076,10,5,15
Q4488425,3,6,9
Q4489420,4,0,4
Q4493503,11,4,15
Q4498974,2,47,49
Q4504495,4,58,62
Q4504549,1,5,6
Q4532135,2,47,49
Q4532138,8,451,459
Q4542504,5,10,15
Q4542508,3,5,8
Q4547180,4,0,4
Q4549554,3,1,4
Q4550107,4,1,5
Q4551057,4,1,5
Q4552253,4,1,5
Q4553695,4,1,5
Q4557675,4,1,5
Q4562076,5,0,5
Q4569677,5,2,7
Q4570781,8,1,9
Q4572296,9,1,10
Q4586742,8,6,14
Q4590468,3,0,3
Q4592603,3,0,3
Q4595829,4,1,5
Q4600249,3,0,3
Q4601563,3,0,3
Q4603026,3,0,3
Q4604536,3,0,3
Q4606568,3,0,3
Q4608826,3,0,3
Q4610556,2,333,335
Q4611891,0,5,5
Q4616669,3,0,3
Q4630358,4,5,9
Q4630820,4,0,4
Q4631714,3,0,3
Q4632330,3,1,4
Q4632497,4,1,5
Q4632667,4,1,5
Q4632843,4,0,4
Q4634661,3,1,4
Q4634895,4,1,5
Q4635114,4,0,4
Q4638918,6,5,11
Q4645488,4,1,5
Q4646693,4,1,5
Q4649792,15,22,37
Q4649794,10,11,21
Q4649795,5,8,13
Q4649797,26,26,52
Q4649799,16,23,39
Q4649800,15,20,35
Q4649801,4,25,29
Q4649807,14,21,35
Q4649808,4,19,23
Q4649817,14,21,35
Q4649818,6,8,14
Q4649821,4,23,27
Q4649826,3,21,24
Q4651503,3,27,30
Q4651894,0,6,6
Q4654163,1,5,6
Q4669021,4,7,11
Q4671277,2,10,12
Q4671286,2,39,41
Q4671338,15,53,68
Q4672006,16,5,21
Q4673430,9,0,9
Q4679747,4,5,9
Q4682076,8,1,9
Q4689777,5,6,11
Q4707232,10,8,18
Q4710826,4,16,20
Q4713342,10,5,15
Q4717090,12,1,13
Q4719066,0,5,5
Q4721515,7,0,7
Q4722629,14,14,28
Q4724516,8,0,8
Q4726932,7,5,12
Q4728711,0,9,9
Q4731484,0,5,5
Q4736435,1,4,5
Q4740856,13,11,24
Q4742667,7,5,12
Q4742987,6,9,15
Q4743101,4,65,69
Q4743376,4,9,13
Q4744483,4,3,7
Q4744490,19,5,24
Q4744495,2,7,9
Q4745055,2,13,15
Q4745239,7,25,32
Q4745577,0,5,5
Q4745579,0,7,7
Q4748791,2,5,7
Q4749872,19,0,19
Q4754809,10,0,10
Q4756190,7,5,12
Q4757652,0,5,5
Q4757720,8,7,15
Q4758447,9,5,14
Q4761430,9,7,16
Q4764168,7,9,16
Q4765080,3,7,10
Q4765305,2,5,7
Q4767967,5,7,12
Q4769235,3,5,8
Q4773904,3,7,10
Q4775012,6,7,13
Q4775035,4,7,11
Q4783148,3,18,21
Q4801470,5,7,12
Q4809486,2,10,12
Q4809602,4,225,229
Q4809686,6,8,14
Q4809856,3,16,19
Q4809891,0,5,5
Q4810015,7,167,174
Q4810036,12,97,109
Q4817144,10,5,15
Q4820684,14,7,21
Q4824149,3,10,13
Q4824156,4,7,11
Q4824167,4,4,8
Q4824396,2,5,7
Q4824459,6,11,17
Q4830453,8,232,240
Q4832599,2,5,7
Q4834543,26,24,50
Q4834975,8,7,15
Q4835091,0,9,9
Q4835465,3,11,14
Q4835466,4,17,21
Q4835470,9,3,12
Q4835473,12,5,17
Q4835475,3,6,9
Q4835491,2,5,7
Q4835650,14,7,21
Q4835652,18,6,24
Q4835654,19,18,37
Q4835655,16,14,30
Q4835656,0,7,7
Q4835657,12,4,16
Q4839644,0,23,23
Q4851628,4,1,5
Q4852987,9,7,16
Q4853480,9,0,9
Q4853732,5,79,84
Q4863958,8,5,13
Q4873579,10,8,18
Q4883239,3,8,11
Q4883437,2,5,7
Q4885518,7,5,12
Q4892030,4,9,13
Q4896598,10,7,17
Q4896605,5,6,11
Q4896642,5,4,9
Q4896696,7,4,11
Q4896724,9,8,17
Q4896731,9,2,11
Q4896782,6,5,11
Q4896813,8,10,18
Q4901287,0,5,5
Q4901729,8,6,14
Q4908985,3,6,9
Q4909185,2,5,7
Q4921551,1,5,6
Q4921557,15,5,20
Q4923560,3,0,3
Q4925096,8,5,13
Q4932206,0,6,6
Q4932675,5,0,5
Q4936532,13,5,18
Q4936657,3,8,11
Q4936971,0,7,7
Q4948171,0,5,5
Q4948174,3,17,20
Q4951156,5,0,5
Q4951628,3,5,8
Q4952707,3,5,8
Q4961590,6,6,12
Q4963861,13,6,19
Q4964182,4,107,111
Q4965286,11,3,14
Q4968912,0,5,5
Q4969375,14,2,16
Q4969438,5,16,21
Q4969441,2,16,18
Q4972958,0,5,5
Q4977147,9,1,10
Q4982515,18,8,26
Q4983368,3,10,13
Q4984974,4,31,35
Q4991371,8,9,17
Q4992236,14,1,15
Q4992254,4,19,23
Q4993338,9,6,15
Q4994728,5,8,13
Q5003407,0,1,1
Q5009242,1,16,17
Q5009281,10,12,22
Q5009284,3,5,8
Q5009441,0,11,11
Q5014111,5,1,6
Q5018694,16,4,20
Q5019758,1,4,5
Q5020532,2,40,42
Q5020915,6,21,27
Q5025512,5,5,10
Q5028077,0,5,5
Q5029983,7,28,35
Q5031131,7,5,12
Q5038559,0,5,5
Q5039374,2,18,20
Q5043948,0,7,7
Q5045044,3,8,11
Q5049183,6,6,12
Q5059480,2,0,2
Q5059850,7,182,189
Q5061737,0,6,6
Q5061915,14,11,25
Q5063029,5,6,11
Q5069795,0,5,5
Q5073118,0,5,5
Q5084448,0,6,6
Q5086379,4,11,15
Q5087816,4,5,9
Q5089830,12,8,20
Q5097046,4,0,4
Q5103452,3,11,14
Q5105452,3,8,11
Q5108046,9,1,10
Q5112818,11,5,16
Q5121453,4,20,24
Q5124642,0,8,8
Q5127380,8,5,13
Q5132172,7,0,7
Q5133190,7,5,12
Q5134470,9,0,9
Q5137571,5,6,11
Q5137944,12,155,167
Q5142559,5,2,7
Q5146978,4,11,15
Q5149662,7,6,13
Q5149722,3,8,11
Q5149791,1,4,5
Q5149883,10,7,17
Q5149901,6,5,11
Q5149905,4,14,18
Q5149928,1,0,1
Q5150848,1,5,6
Q5151404,2,12,14
Q5151421,2,6,8
Q5153090,5,10,15
Q5153503,2,9,11
Q5157337,11,6,17
Q5158829,0,5,5
Q5165152,1,1,2
Q5175208,2,6,8
Q5186883,1,15,16
Q5188850,3,18,21
Q5202812,11,5,16
Q5211222,2,4,6
Q5211225,1,25,26
Q5211226,2,20,22
Q5217295,9,5,14
Q5217764,5,10,15
Q5218823,9,5,14
Q5220838,7,0,7
Q5222737,0,5,5
Q5230469,10,0,10
Q5231565,12,0,12
Q5235388,10,0,10
Q5236475,0,6,6
Q5240076,8,5,13
Q5243445,3,5,8
Q5243447,3,6,9
Q5243449,4,3,7
Q5243450,3,3,6
Q5243451,4,7,11
Q5243454,3,11,14
Q5243456,3,4,7
Q5243457,3,9,12
Q5244175,4,27,31
Q5249301,0,5,5
Q5255151,5,5,10
Q5255892,4,8,12
Q5257307,0,6,6
Q5257661,12,5,17
Q5258881,3,9,12
Q5261137,3,12,15
Q5262794,9,5,14
Q5268992,7,5,12
Q5269658,8,6,14
Q5275906,3,133,136
Q5275956,6,40,46
Q5277861,9,0,9
Q5280670,14,7,21
Q5280672,4,5,9
Q5280673,0,4,4
Q5280674,16,17,33
Q5280675,56,48,104
Q5283295,6,0,6
Q5287861,4,0,4
Q5289309,2,0,2
Q5292267,4,5,9
Q5294236,6,6,12
Q5295360,3,18,21
Q5300150,1,11,12
Q5305629,8,4,12
Q5305701,34,26,60
Q5305702,2,17,19
Q5305703,16,19,35
Q5305704,2,26,28
Q5305705,17,4,21
Q5305710,2,5,7
Q5305711,14,7,21
Q5305712,26,11,37
Q5305714,2,11,13
Q5305716,20,5,25
Q5305717,2,3,5
Q5305719,43,8,51
Q5305720,2,8,10
Q5310792,7,5,12
Q5318218,0,5,5
Q5322166,3,41,44
Q5326502,9,1,10
Q5327704,0,5,5
Q5328061,0,5,5
Q5328588,4,6,10
Q5339301,0,6,6
Q5341295,3,52,55
Q5350877,5,5,10
Q5352166,0,5,5
Q5357263,2,9,11
Q5357354,9,5,14
Q5358201,2,0,2
Q5358497,2,6,8
Q5361043,4,8,12
Q5362415,5,5,10
Q5363591,12,5,17
Q5365910,2,22,24
Q5366020,2,9,11
Q5368270,6,7,13
Q5369517,3,8,11
Q5370843,9,5,14
Q5371838,6,107,113
Q5371902,5,3,8
Q5371935,9,7,16
Q5375740,3,14,17
Q5377427,3,5,8
Q5384959,5,15,20
Q5386547,6,12,18
Q5398426,11,221,232
Q5401971,0,12,12
Q5403378,4,11,15
Q5412096,3,5,8
Q5412592,9,38,47
Q5412594,4,39,43
Q5416009,0,5,5
Q5423410,1,4,5
Q5424111,6,7,13
Q5434338,0,6,6
Q5438598,7,5,12
Q5440463,0,5,5
Q5440547,2,3,5
Q5442753,3,15,18
Q5445732,2,1,3
Q5448886,2,23,25
Q5449100,3,1,4
Q5449677,1,8,9
Q5461189,2,9,11
Q5463432,2,9,11
Q5466629,2,0,2
Q5468082,6,1,7
Q5468928,3,5,8
Q5476713,20,9,29
Q5479360,10,0,10
Q5481173,9,7,16
Q5482672,3,9,12
Q5482740,5,6,11
Q5488455,8,5,13
Q5504210,3,7,10
Q5508497,10,7,17
Q5513592,4,6,10
Q5513593,14,13,27
Q5513594,27,24,51
Q5521455,2,6,8
Q5523004,7,6,13
Q5523981,7,10,17
Q5525494,8,4,12
Q5528158,7,8,15
Q5530024,3,13,16
Q5534044,7,5,12
Q5538333,10,6,16
Q5544356,4,7,11
Q5546035,5,2,7
Q5563216,11,7,18
Q5568357,0,5,5
Q5569066,0,5,5
Q5569374,44,17,61
Q5570613,11,0,11
Q5570670,0,46,46
Q5573308,3,3,6
Q5575236,9,5,14
Q5579574,1,6,7
Q5579756,3,2,5
Q5582745,4,8,12
Q5583848,6,42,48
Q5587398,3,5,8
Q5593620,8,1,9
Q5593631,7,12,19
Q5593741,3,4,7
Q5593753,4,5,9
Q5593755,4,2,6
Q5593762,2,1,3
Q5593771,3,4,7
Q5593782,3,17,20
Q5593784,2,8,10
Q5593789,3,11,14
Q5593802,7,8,15
Q5593817,4,7,11
Q5593831,4,3,7
Q5593832,4,11,15
Q5593841,5,2,7
Q5593861,4,14,18
Q5593862,3,4,7
Q5593863,2,4,6
Q5593866,9,5,14
Q5593889,3,3,6
Q5593890,50,34,84
Q5593892,1,4,5
Q5593896,0,4,4
Q5593901,3,4,7
Q5593916,5,32,37
Q5596254,4,6,10
Q5605949,12,1,13
Q5611262,5,105,110
Q5611457,6,0,6
Q5617048,8,6,14
Q5629067,4,86,90
Q5637614,13,3,16
Q5646566,2,5,7
Q5655888,0,7,7
Q5676252,3,19,22
Q5678518,9,6,15
Q5709276,16,13,29
Q5711225,2,6,8
Q5716684,5,141,146
Q5738687,2,5,7
Q5741069,5,78,83
Q5756639,2,5,7
Q5760981,8,0,8
Q5762300,3,2,5
Q5763964,2,29,31
Q5778924,3,10,13
Q5787468,0,1,1
Q5805556,3,5,8
Q5852411,5,6,11
Q5853064,0,5,5
Q5877090,7,0,7
Q5880927,11,0,11
Q5882770,5,29,34
Q5887360,0,6,6
Q5888666,3,14,17
Q5894551,5,5,10
Q5894560,16,13,29
Q5894564,6,2,8
Q5894567,5,3,8
Q5894572,6,3,9
Q5897543,3,8,11
Q5901772,0,6,6
Q5933763,5,0,5
Q5933766,7,2,9
Q5933887,11,5,16
Q5935804,1,8,9
Q5937792,0,5,5
Q5942219,3,2,5
Q5956341,8,5,13
Q5967604,3,0,3
Q5982007,7,3,10
Q6002306,0,5,5
Q6010868,1,4,5
Q6039134,0,5,5
Q6044811,0,10,10
Q6047120,6,19,25
Q6047285,2,7,9
Q6049327,0,5,5
Q6051619,3,24,27
Q6055867,10,0,10
Q6066272,8,1,9
Q6071674,6,0,6
Q6114749,5,7,12
Q6114830,4,19,23
Q6119774,1,4,5
Q6121509,2,6,8
Q6122272,13,0,13
Q6122336,9,0,9
Q6123628,9,3,12
Q6136785,10,8,18
Q6137781,0,3,3
Q6138447,5,2,7
Q6149681,6,8,14
Q6168364,4,15,19
Q6173926,8,9,17
Q6175526,12,7,19
Q6183524,12,0,12
Q6183733,9,0,9
Q6224023,4,5,9
Q6224030,0,5,5
Q6225246,6,7,13
Q6234290,3,3,6
Q6254937,5,1,6
Q6255748,14,7,21
Q6269240,17,43,60
Q6273205,7,7,14
Q6314039,7,2,9
Q6314042,4,16,20
Q6314046,13,7,20
Q6314074,8,10,18
Q6314079,12,4,16
Q6314081,7,4,11
Q6314083,32,16,48
Q6314087,4,4,8
Q6314089,4,7,11
Q6314103,17,9,26
Q6314105,16,17,33
Q6314109,11,6,17
Q6314207,3,6,9
Q6359432,17,12,29
Q6363475,2,5,7
Q6363478,3,6,9
Q6378460,1,3,4
Q6382703,21,5,26
Q6390767,0,5,5
Q6391089,7,5,12
Q6391622,6,5,11
Q6391891,3,8,11
Q6392428,6,2,8
Q6393425,2,5,7
Q6394341,7,2,9
Q6397066,15,0,15
Q6404857,3,13,16
Q6407480,2,5,7
Q6420832,11,5,16
Q6421948,2,17,19
Q6423963,8,43,51
Q6430706,2,11,13
Q6432786,12,8,20
Q6443304,11,7,18
Q6446173,9,5,14
Q6446193,9,6,15
Q6452192,3,5,8
Q6452410,2,8,10
Q6458663,2,20,22
Q6471428,3,7,10
Q6478447,1,0,1
Q6480391,11,0,11
Q6489113,1,12,13
Q6490433,0,1,1
Q6496321,15,11,26
Q6496347,5,3,8
Q6496361,8,6,14
Q6496379,4,4,8
Q6496381,4,3,7
Q6496387,3,7,10
Q6496398,4,5,9
Q6496399,4,3,7
Q6496400,3,4,7
Q6496405,16,0,16
Q6496408,3,9,12
Q6496471,3,8,11
Q6497774,6,0,6
Q6500019,3,14,17
Q6500754,3,0,3
Q6500762,5,4,9
Q6500767,35,12,47
Q6500772,17,15,32
Q6500774,21,12,33
Q6500775,11,6,17
Q6500795,33,8,41
Q6500798,5,3,8
Q6500801,0,6,6
Q6501380,3,8,11
Q6504587,8,7,15
Q6510842,7,1,8
Q6525237,8,0,8
Q6531043,0,5,5
Q6537297,2,4,6
Q6540832,2,16,18
Q6542686,4,29,33
Q6565314,0,5,5
Q6581072,1,1441,1442
Q6581097,1,4967,4968
Q6585139,3,8,11
Q6593035,2,6,8
Q6608367,14,11,25
Q6621591,0,5,5
Q6625963,4,292,296
Q6664406,0,5,5
Q6665249,5,8,13
Q6672299,3,5,8
Q6682090,0,5,5
Q6682369,7,8,15
Q6682727,3,6,9
Q6693219,4,3,7
Q6694532,0,5,5
Q6708571,11,5,16
Q6714703,4,7,11
Q6730062,0,5,5
Q6746429,2,5,7
Q6747503,4,6,10
Q6750277,9,0,9
Q6755521,12,6,18
Q6755655,18,0,18
Q6757069,7,0,7
Q6759968,9,7,16
Q6761828,2,15,17
Q6763645,12,1,13
Q6766988,8,6,14
Q6767774,15,1,16
Q6768622,5,7,12
Q6769075,6,5,11
Q6774606,22,6,28
Q6777519,10,15,25
Q6780492,10,11,21
Q6806876,3,4,7
Q6811130,9,6,15
Q6815100,0,7,7
Q6822266,1,12,13
Q6828608,11,6,17
Q6829578,7,6,13
Q6829877,10,0,10
Q6832945,5,10,15
Q6833107,0,5,5
Q6834458,11,5,16
Q6837811,4,5,9
Q6848167,10,0,10
Q6857706,0,5,5
Q6860967,3,5,8
Q6881511,6,111,117
Q6881613,3,13,16
Q6904590,3,7,10
Q6915696,24,0,24
Q6923684,4,7,11
Q6933443,7,0,7
Q6942562,0,5,5
Q6952053,14,9,23
Q6952054,0,3,3
Q6952055,3,6,9
Q6952065,3,6,9
Q6952068,7,4,11
Q6952069,14,16,30
Q6952070,2,6,8
Q6952071,2,11,13
Q6952076,6,7,13
Q6952746,4,12,16
Q6955655,0,8,8
Q6957341,0,5,5
Q6970684,4,19,23
Q6974502,5,0,5
Q6978539,6,15,21
Q6978540,1,5,6
Q6978541,51,32,83
Q6979593,3,174,177
Q6985971,8,6,14
Q6988354,0,5,5
Q6989196,4,6,10
Q7008068,2,0,2
Q7008165,0,3,3
Q7010703,3,6,9
Q7010868,4,0,4
Q7011301,0,5,5
Q7012169,2,6,8
Q7013764,2,5,7
Q7020331,3,7,10
Q7027841,5,1,6
Q7033959,14,19,33
Q7042855,5,264,269
Q7048038,3,7,10
Q7049261,1,2,3
Q7059380,3,5,8
Q7060402,5,32,37
Q7060409,4,0,4
Q7063446,0,7,7
Q7072015,8,8,16
Q7073679,3,5,8
Q7074010,4,5,9
Q7078660,3,5,8
Q7078664,5,5,10
Q7082270,5,8,13
Q7088045,26,9,35
Q7089349,10,1,11
Q7089367,9,0,9
Q7100024,4,11,15
Q7113265,0,7,7
Q7117078,3,5,8
Q7118960,3,6,9
Q7118978,5,11,16
Q7127596,2,9,11
Q7128792,2,10,12
Q7133207,0,5,5
Q7135323,1,4,5
Q7136554,0,5,5
Q7141532,7,9,16
Q7153268,2,11,13
Q7163534,2,0,2
Q7166256,4,4,8
Q7168625,4,22,26
Q7172812,0,1,1
Q7175583,9,7,16
Q7175853,7,5,12
Q7177686,10,6,16
Q7177704,8,9,17
Q7182737,3,12,15
Q7186850,1,5,6
Q7186863,1,6,7
Q7189589,0,6,6
Q7189713,0,5,5
Q7195687,8,8,16
Q7199458,7,1,8
Q7210294,4,6,10
Q7210356,0,5,5
Q7212330,9,2,11
Q7215085,6,5,11
Q7225114,3,9,12
Q7227384,15,14,29
Q7229863,11,7,18
Q7240451,2,9,11
Q7243495,3,9,12
Q7243497,5,8,13
Q7243500,3,3,6
Q7243501,3,3,6
Q7243502,2,11,13
Q7243504,2,9,11
Q7243505,3,6,9
Q7243506,3,12,15
Q7243507,14,14,28
Q7243508,3,11,14
Q7243509,24,19,43
Q7243510,3,6,9
Q7243511,4,9,13
Q7243514,3,5,8
Q7243516,4,10,14
Q7243517,3,6,9
Q7247941,3,32,35
Q7248009,3,6,9
Q7248622,1,6,7
Q7250053,5,4,9
Q7256860,15,4,19
Q7258666,2,6,8
Q7259350,4,10,14
Q7272285,12,5,17
Q7278686,9,5,14
Q7288285,6,8,14
Q7295163,8,8,16
Q7297161,9,6,15
Q7299451,7,1,8
Q7304367,4,6,10
Q7317272,2,2,4
Q7321724,2,12,14
Q7322354,2,5,7
Q7338137,4,7,11
Q7342763,10,1,11
Q7344476,9,6,15
Q7344869,0,5,5
Q7345011,5,0,5
Q7346850,8,6,14
Q7349017,8,5,13
Q7361618,5,12,17
Q7363645,9,6,15
Q7372092,7,5,12
Q7376523,7,7,14
Q7389502,4,11,15
Q7400951,0,6,6
Q7406919,6,8,14
Q7413643,2,8,10
Q7413874,3,9,12
Q7414915,4,5,9
Q7417921,2,10,12
Q7419795,4,12,16
Q7426020,12,6,18
Q7429093,8,0,8
Q7432601,6,7,13
Q7432967,3,0,3
Q7437329,8,6,14
Q7439304,3,5,8
Q7439305,3,5,8
Q7444356,2,14,16
Q7458035,0,5,5
Q7458189,3,7,10
Q7462725,4,5,9
Q7473516,9,23,32
Q7482626,11,10,21
Q7482779,14,10,24
Q7489431,6,0,6
Q7498688,9,2,11
Q7498780,0,5,5
Q7502207,1,15,16
Q7503319,9,5,14
Q7535711,8,0,8
Q7552552,6,17,23
Q7561043,28,0,28
Q7562453,6,9,15
Q7564354,5,2,7
Q7564362,0,4,4
Q7564363,1,4,5
Q7566644,7,0,7
Q7569445,1,5,6
Q7572461,4,5,9
Q7574756,5,0,5
Q7575916,10,2,12
Q7585305,3,21,24
Q7586750,5,7,12
Q7589655,20,14,34
Q7600659,4,0,4
Q7603625,1,5,6
Q7607037,4,31,35
Q7610883,13,10,23
Q7612676,12,12,24
Q7614320,2,1,3
Q7620697,0,6,6
Q7628112,7,8,15
Q7650000,15,8,23
Q7650980,7,5,12
Q7659771,4,5,9
Q7669610,16,18,34
Q7669614,2,15,17
Q7669617,3,6,9
Q7669620,3,18,21
Q7669624,1,16,17
Q7669628,1,11,12
Q7673679,2,12,14
Q7691246,5,1,6
Q7691704,0,5,5
Q7693309,0,5,5
Q7696954,1,7,8
Q7696995,3,12,15
Q7720229,4,10,14
Q7721887,3,15,18
Q7725310,0,5,5
Q7725634,0,21,21
Q7736023,6,4,10
Q7739610,4,17,21
Q7739685,3,5,8
Q7746316,23,0,23
Q7752106,4,6,10
Q7758837,2,6,8
Q7765108,0,9,9
Q7768229,1,5,6
Q7768608,3,5,8
Q7777573,2,15,17
Q7781991,3,6,9
Q7786746,0,3,3
Q7791257,4,5,9
Q7791601,8,9,17
Q7792371,0,4,4
Q7803649,13,11,24
Q7808398,11,0,11
Q7810384,42,2,44
Q7816353,7,0,7
Q7817415,8,4,12
Q7820700,1,9,10
Q7821794,6,9,15
Q7826358,3,5,8
Q7826362,0,6,6
Q7826365,0,6,6
Q7830213,1,8,9
Q7831165,0,5,5
Q7840758,2,6,8
Q7842961,0,6,6
Q7854914,8,5,13
Q7855903,2,4,6
Q7864046,10,27,37
Q7866352,3,15,18
Q7879772,1,6,7
Q7886981,2,27,29
Q7894634,0,6,6
Q7894738,3,12,15
Q7895798,3,0,3
Q7895938,9,13,22
Q7896088,4,0,4
Q7896446,4,1,5
Q7896545,5,4,9
Q7897276,3,95,98
Q7907798,0,5,5
Q7914158,2,5,7
Q7926158,10,0,10
Q7930989,6,18,24
Q7931752,7,5,12
Q7931801,8,5,13
Q7931899,0,5,5
Q7960924,0,3,3
Q7968572,6,0,6
Q7970362,3,4,7
Q7971630,3,5,8
Q7971807,3,7,10
Q7971822,16,6,22
Q7976641,1,4,5
Q7976751,3,8,11
Q7980233,1,4,5
Q7987250,0,5,5
Q7987530,2,0,2
Q7994501,4,5,9
Q8008661,2,33,35
Q8012895,7,1,8
Q8012898,6,0,6
Q8014107,0,5,5
Q8016302,8,6,14
Q8019110,10,2,12
Q8024265,0,5,5
Q8025128,4,11,15
Q8025998,3,24,27
Q8030863,3,7,10
Q8031191,1,10,11
Q8031439,2,5,7
Q8031780,11,0,11
Q8035703,7,2,9
Q8035829,3,8,11
Q8036239,1,6,7
Q8038458,4,25,29
Q8038459,2,251,253
Q8038461,4,31,35
Q8038464,26,6,32
Q8038466,3,14,17
Q8038467,3,6,9
Q8038469,3,4,7
Q8038470,2,9,11
Q8038500,4,0,4
Q8043977,2,40,42
Q8047423,4,55,59
Q8057887,3,18,21
Q8178443,2,54,56
Q8187769,2,24,26
Q8205328,1,7,8
Q8246794,4,46,50
Q8253972,1,12,13
Q8560269,2,9,11
Q8575586,25,6,31
Q8841766,0,5,5
Q9017214,4,18,22
Q9023007,2,5,7
Q9048317,7,6,13
Q9051804,6,5,11
Q9125658,47,1,48
Q9134365,0,11,11
Q9150056,0,5,5
Q9200127,3,5,8
Q9212979,3,12,15
Q9253865,3,11,14
Q9265338,2,6,8
Q9288038,10,0,10
Q9299236,0,15,15
Q9302696,2,10,12
Q9303627,10,17,27
Q9323487,0,5,5
Q9326077,2,23,25
Q9334029,5,5,10
Q9335576,3,36,39
Q9335577,3,20,23
Q9352089,1,7,8
Q9383972,2,60,62
Q9544977,23,14,37
Q9545711,13,13,26
Q9648008,3,37,40
Q9678710,4,9,13
Q9680541,3,7,10
Q9684829,4,6,10
Q10270157,2,6,8
Q10294045,1,58,59
Q10297252,2,6,8
Q10301418,3,1,4
Q10302058,3,14,17
Q10306924,0,5,5
Q10346114,13,0,13
Q10349745,3,12,15
Q10387684,0,3,3
Q10392130,0,3,3
Q10393524,3,1,4
Q10500328,2,6,8
Q10541491,0,17,17
Q10589314,3,7,10
Q10589342,3,5,8
Q10589356,4,5,9
Q10589373,3,5,8
Q10589385,3,5,8
Q10589401,3,5,8
Q10608114,4,0,4
Q10648661,4,5,9
Q10666486,2,7,9
Q10669499,4,9,13
Q10689397,3,36,39
Q10690180,2,6,8
Q10723329,5,0,5
Q10725467,2,6,8
Q10729326,6,0,6
Q10732476,1,27,28
Q10761808,4,5,9
Q10762848,4,112,116
Q10774753,4,10,14
Q10798782,3,3015,3018
Q10798873,2,6,8
Q10800557,3,3356,3359
Q10824295,3,18,21
Q10833314,5,11,16
Q10843402,2,3,5
Q10846439,8,0,8
Q10855195,4,43,47
Q10855212,5,29,34
Q10855216,4,7,11
Q10855226,4,24,28
Q10855271,5,78,83
Q10864048,1,27,28
Q10871364,4,17,21
Q10873124,1,4,5
Q10877260,4,5,9
Q10878728,0,11,11
Q10888934,3,6,9
Q10894581,2,6,8
Q10898694,19,6,25
Q10901350,0,10,10
Q10905171,0,5,5
Q10905235,4,9,13
Q10905276,5,8,13
Q10905334,3,12,15
Q10906618,2,6,8
Q10906766,0,4,4
Q10908005,3,7,10
Q10910797,2,6,8
Q10911620,6,6,12
Q10914834,3,6,9
Q10933928,2,6,8
Q10938645,3,6,9
Q10951106,4,5,9
Q10955986,2,4,6
Q10957559,17,2,19
Q10958054,8,5,13
Q11035680,5,13,18
Q11038927,5,19,24
Q11076504,2,6,8
Q11084135,2,0,2
Q11086402,3,7,10
Q11122599,4,6,10
Q11124885,4,14,18
Q11127145,28,11,39
Q11130038,4,5,9
Q11163999,6,11,17
Q11271835,1,16,17
Q11272426,3,0,3
Q11304653,0,5,5
Q11306107,1,4,5
Q11309299,4,6,10
Q11338576,5,15,20
Q11396960,3,32,35
Q11415564,3,26,29
Q11422368,1,8,9
Q11448906,2,25,27
Q11481802,2,55,57
Q11488158,3,25,28
Q11499147,2,14,16
Q11513337,2,3,5
Q11514315,0,22,22
Q11569986,2,8,10
Q11618417,0,5,5
Q11637534,0,6,6
Q11700058,3,6,9
Q11774097,4,15,19
Q11774156,2,8,10
Q11774202,3,94,97
Q11774891,1,5,6
Q11778321,7,7,14
Q11787389,0,7,7
Q11789125,2,14,16
Q11795583,4,5,9
Q11812346,4,14,18
Q11828004,3,12,15
Q11862829,4,106,110
Q11869851,3,5,8
Q11873300,4,5,9
Q11882864,2,6,8
Q11887890,5,8,13
Q11892507,4,20,24
Q11895763,4,127,131
Q11900058,2,12,14
Q11910476,8,5,13
Q11915587,3,9,12
Q11989370,12,0,12
Q11992872,1,80,81
Q12015335,2,8,10
Q12020884,1,7,8
Q12022145,0,3,3
Q12049440,3,7,10
Q12059144,11,9,20
Q12060065,4,8,12
Q12060728,5,0,5
Q12060881,1,5,6
Q12109871,7,6,13
Q12127133,1,5,6
Q12144794,3,58,61
Q12177451,5,11,16
Q12178928,4,10,14
Q12192290,4,8,12
Q12198181,1,5,6
Q12201434,5,23,28
Q12201445,6,22,28
Q12201477,6,125,131
Q12201526,4,20,24
Q12203350,2,5,7
Q12234590,2,5,7
Q12262532,4,8,12
Q12326776,2,13,15
Q12343431,0,15,15
Q12360214,5,11,16
Q12362622,2,31,33
Q12369333,4,2,6
Q12377274,5,16,21
Q12406482,4,7,11
Q12443800,3,26,29
Q12490507,11,6,17
Q12661055,3,6,9
Q12700761,2,12,14
Q12737077,3,153,156
Q12759805,0,6,6
Q12765827,3,94,97
Q12800682,3,27,30
Q12859263,3,9,12
Q12859908,2,4,6
Q12909644,3,10,13
Q12912091,3,7,10
Q12912667,5,31,36
Q12953229,0,5,5
Q12953610,9,7,16
Q12953671,11,9,20
Q12953686,8,5,13
Q12953935,8,6,14
Q12969418,10,0,10
Q12973014,1,8,9
Q12981673,2,5,7
Q13027888,3,41,44
Q13099586,4,1,5
Q13107770,1,20,21
Q13137940,0,5,5
Q13211738,4,8,12
Q13212489,4,52,56
Q13212595,3,9,12
Q13217186,4,13,17
Q13218357,3,11,14
Q13218391,2,59,61
Q13218630,7,27,34
Q13218788,6,11,17
Q13219637,4,6,10
Q13219842,3,0,3
Q13220204,1,9,10
Q13226383,3,8,11
Q13228657,3,0,3
Q13235160,2,120,122
Q13377517,3,7,10
Q13377518,2,3,5
Q13382533,4,9,13
Q13393265,2,41,43
Q13399160,13,5,18
Q13403364,2,3,5
Q13403877,5,6,11
Q13406463,0,6,6
Q13407191,8,0,8
Q13409231,2,3,5
Q13409484,10,3,13
Q13409491,1,4,5
Q13410400,3,5,8
Q13410403,4,7,11
Q13410422,4,23,27
Q13410428,4,5,9
Q13410454,4,11,15
Q13410464,6,15,21
Q13410485,4,12,16
Q13410496,4,15,19
Q13414354,3,7,10
Q13414369,0,6,6
Q13414753,4,8,12
Q13414754,4,20,24
Q13414757,4,50,54
Q13414758,4,7,11
Q13414759,4,22,26
Q13414761,5,15,20
Q13414763,5,40,45
Q13414765,4,5,9
Q13414953,4,8,12
Q13415365,4,10,14
Q13415368,3,10,13
Q13415369,4,15,19
Q13416804,14,14,28
Q13418847,1,2,3
Q13422138,1,9,10
Q13422140,3,11,14
Q13422141,0,6,6
Q13423511,3,5,8
Q13426199,26,31,57
Q13449461,7,8,15
Q13452524,4,38,42
Q13452528,5,58,63
Q13452531,4,101,105
Q13455645,2,5,7
Q13474373,4,10,14
Q13476486,15,16,31
Q13494021,4,6,10
Q13539802,2,18,20
Q13553936,8,0,8
Q13560481,0,5,5
Q13570226,3,5,8
Q13590141,2,26,28
Q13595311,79,43,122
Q13595531,78,39,117
Q13627677,5,0,5
Q13634258,5,5,10
Q13635451,3,7,10
Q13636514,9,4,13
Q13780930,9,40,49
Q13917296,2,5,7
Q14071714,0,5,5
Q14192383,2,6,8
Q14208553,0,5,5
Q14240916,7,5,12
Q14326055,6,5,11
Q14437399,3,1,4
Q14467526,3,15,18
Q14467705,1,9,10
Q14491760,0,5,5
Q14539884,3,13,16
Q14539974,3,24,27
Q14565331,4,8,12
Q14623005,1,5,6
Q14625016,1,0,1
Q14683182,4,8,12
Q14705795,3,22,25
Q14707097,4,5,9
Q14714602,0,5,5
Q14762300,1,14,15
Q14770218,2,6,8
Q14784328,2,7,9
Q14798167,12,1,13
Q14819852,1,4,5
Q14848728,6,0,6
Q14861534,2,5,7
Q14865244,3,5,8
Q14900501,3,6,9
Q14906020,4,8,12
Q14915627,3,27,30
Q14915990,8,0,8
Q14931511,8,9,17
Q14931512,0,5,5
Q14947418,2,5,7
Q15042037,0,5,5
Q15042072,4,10,14
Q15046323,3,5,8
Q15049903,2,5,7
Q15053704,1,11,12
Q15056034,7,23,30
Q15058013,3,0,3
Q15060255,3,9,12
Q15063586,2,6,8
Q15063611,2,24,26
Q15070044,12,1,13
Q15070048,11,0,11
Q15077007,3,54,57
Q15078788,7,13,20
Q15094037,4,8,12
Q15102440,0,6,6
Q15117228,3,8,11
Q15124573,0,5,5
Q15127012,3,11,14
Q15143191,0,5,5
Q15149663,2,8,10
Q15208489,0,5,5
Q15210668,2,12,14
Q15221310,1,7,8
Q15226213,13,6,19
Q15229207,0,9,9
Q15229229,3,23,26
Q15231472,16,6,22
Q15238777,0,39,39
Q15239622,1,8,9
Q15244715,3,7,10
Q15244968,2,6,8
Q15248261,3,6,9
Q15250015,2,5,7
Q15251214,3,6,9
Q15251905,2,6,8
Q15253558,3,27,30
Q15265344,4,9,13
Q15271633,6,6,12
Q15273785,0,5,5
Q15274445,3,5,8
Q15275719,0,15,15
Q15278101,5,15,20
Q15278107,4,18,22
Q15278116,5,27,32
Q15288220,8,7,15
Q15295720,3,15,18
Q15296811,4,18,22
Q15303838,5,6,11
Q15319501,1,5,6
Q15322955,3,6,9
Q15324181,16,7,23
Q15330218,3,5,8
Q15357321,4,5,9
Q15357612,4,5,9
Q15360147,2,6,8
Q15367240,2,8,10
Q15372748,2,9,11
Q15376641,2,7,9
Q15376855,2,5,7
Q15383322,0,8,8
Q15386689,2,5,7
Q15399126,2,6,8
Q15401777,2,5,7
Q15406405,6,17,23
Q15437918,2,11,13
Q15438531,2,11,13
Q15448576,6,6,12
Q15451691,10,6,16
Q15455603,10,5,15
Q15458711,10,5,15
Q15473105,23,6,29
Q15477956,3,20,23
Q15483637,11,5,16
Q15500559,3,5,8
Q15517762,2,6,8
Q15531243,2,6,8
Q15534070,6,6,12
Q15543007,2,8,10
Q15546241,2,6,8
Q15548976,3,5,8
Q15552436,2,5,7
Q15563363,3,6,9
Q15573161,2,5,7
Q15577766,2,6,8
Q15577973,3,12,15
Q15578700,2,6,8
Q15578898,2,12,14
Q15579419,7,6,13
Q15584338,2,5,7
Q15587848,2,5,7
Q15595481,3,5,8
Q15601159,3,6,9
Q15606369,14,5,19
Q15617994,0,6,6
Q15622197,5,4,9
Q15627169,2,25,27
Q15628644,3,4,7
Q15630234,8,5,13
Q15631401,5,17,22
Q15632482,3,6,9
Q15632547,2,5,7
Q15632617,0,11,11
Q15634554,0,8,8
Q15637293,2,11,13
Q15637299,3,9,12
Q15637301,3,12,15
Q15637310,2,8,10
Q15642541,0,6,6
Q15646111,3,9,12
Q15648878,0,5,5
Q15650834,16,6,22
Q15661340,1,6,7
Q15665021,7,11,18
Q15692068,3,8,11
Q15695313,8,6,14
Q15700818,2,26,28
Q15700834,0,5,5
Q15711870,0,7,7
Q15712918,2,12,14
Q15712927,3,6,9
Q15715257,3,7,10
Q15731702,4,7,11
Q15734684,3,17,20
Q15773317,0,7,7
Q15773347,0,9,9
Q15782002,7,5,12
Q15793680,9,5,14
Q15794136,5,5,10
Q15836744,5,6,11
Q15839299,4,11,15
Q15854232,20,5,25
Q15855449,5,7,12
Q15919390,5,9,14
Q15925165,0,14,14
Q15936437,1,58,59
Q15944511,3,59,62
Q15949613,4,20,24
Q15958642,2,5,7
Q15961983,2,7,9
Q15961987,4,22,26
Q15964890,4,2,6
Q15978337,2,5,7
Q15978631,9,36,45
Q15980158,4,21,25
Q15980804,0,7,7
Q15981151,4,101,105
Q15982858,3,6,9
Q15987216,5,38,43
Q15987302,2,9,11
Q15987490,4,173,177
Q15994177,0,6,6
Q16000351,0,5,5
Q16003550,0,5,5
Q16011749,4,11,15
Q16014700,1,4,5
Q16031530,2,10,12
Q16058281,2,5,7
Q16064063,8,5,13
Q16082057,4,854,858
Q16106999,7,5,12
Q16144339,3,10,13
Q16144824,10,5,15
Q16145150,8,25,33
Q16146879,2,4,6
Q16153104,4,10,14
Q16186952,7,10,17
Q16204354,18,5,23
Q16204825,7,5,12
Q16216087,8,5,13
Q16240674,10,5,15
Q16269992,9,5,14
Q16275104,8,4,12
Q16323111,5,25,30
Q16334295,0,14,14
Q16387823,0,7,7
Q16389557,3,5,8
Q16515139,1,4,5
Q16575965,2,14,16
Q16657861,7,5,12
Q16686448,0,7,7
Q16725802,4,9,13
Q16727193,0,5,5
Q16781948,4,47,51
Q16824873,2,5,7
Q16844931,3,2,5
Q16869209,4,6,10
Q16887380,0,9,9
Q16889133,0,12,12
Q16894228,4,5,9
Q16900574,3,4,7
Q16913666,9,65,74
Q16918963,4,6,10
Q16947520,2,17,19
Q16950433,0,5,5
Q16963163,8,8,16
Q16965899,4,4,8
Q16972891,0,5,5
Q16974566,2,5,7
Q16975888,3,7,10
Q16985322,15,8,23
Q16985325,18,11,29
Q16985679,6,9,15
Q16995699,2,10,12
Q17001728,4,5,9
Q17005736,0,6,6
Q17008313,43,13,56
Q17008964,29,7,36
Q17008972,31,10,41
Q17008985,26,35,61
Q17009285,3,5,8
Q17010139,3,4,7
Q17010286,3,4,7
Q17010296,4,7,11
Q17011048,8,4,12
Q17011060,3,20,23
Q17011073,3,3,6
Q17011108,17,11,28
Q17011862,1,9,10
Q17011874,18,7,25
Q17013749,4,56,60
Q17020147,4,7,11
Q17048589,4,6,10
Q17076072,5,12,17
Q17093945,8,8,16
Q17098559,1,4,5
Q17125263,2,9,11
Q17125405,2,6,8
Q17126013,4,40,44
Q17135175,3,6,9
Q17141499,9,5,14
Q17143560,1,12,13
Q17156793,2,37,39
Q17167049,0,6,6
Q17172850,3,1003,1006
Q17197366,0,10,10
Q17202505,3,6,9
Q17231624,4,14,18
Q17232649,4,5,9
Q17271186,1,6,7
Q17272482,0,26,26
Q17272692,0,6,6
Q17279032,2,12,14
Q17287710,2,6,8
Q17290934,4,78,82
Q17291399,0,5,5
Q17291730,6,6,12
Q17295709,3,12,15
Q17305133,6,6,12
Q17305144,6,16,22
Q17307272,1,10,11
Q17310605,4,7,11
Q17311605,4,20,24
Q17322152,6,13,19
Q17324844,4,9,13
Q17329836,2,48,50
Q17334923,0,6,6
Q17343522,2,5,7
Q17343829,1,12,13
Q17376040,0,9,9
Q17378135,4,202,206
Q17381953,0,5,5
Q17385901,9,6,15
Q17386547,7,8,15
Q17414454,2,5,7
Q17416875,2,5,7
Q17429931,2,5,7
Q17444909,0,5,5
Q17455500,9,7,16
Q17500591,2,4,6
Q17500983,2,3,5
Q17500987,2,12,14
Q17502714,4,5,9
Q17521923,2,28,30
Q17573027,3,6,9
Q17582994,2,5,7
Q17601728,3,5,8
Q17601744,3,5,8
Q17601870,3,5,8
Q17602166,4,5,9
Q17715100,9,6,15
Q17746126,3,5,8
Q17746193,3,5,8
Q17746220,3,5,8
Q17748520,2,20,22
Q17985761,3,866,869
Q17986500,3,5,8
Q18073024,4,5,9
Q18073398,3,5,8
Q18074328,3,5,8
Q18074510,3,5,8
Q18089587,3,5,8
Q18116794,1,4,5
Q18123741,10,17,27
Q18129046,6,4,10
Q18149622,27,14,41
Q18154814,3,6,9
Q18154821,5,4,9
Q18154825,2,6,8
Q18154845,3,4,7
Q18154849,9,8,17
Q18154853,2,4,6
Q18154856,7,4,11
Q18157754,4,5,9
Q18160518,5,7,12
Q18204752,4,7,11
Q18216771,3,5,8
Q18325436,4,32,36
Q18325460,0,5,5
Q18328097,0,10,10
Q18338206,20,9,29
Q18345366,3,5,8
Q18345375,7,6,13
Q18346192,0,5,5
Q18355406,1,5,6
Q18379324,3,5,8
Q18388277,1,8,9
Q18409139,4,5,9
Q18437198,1,5,6
Q18511725,2,45,47
Q18517268,5,8,13
Q18535068,1,4,5
Q18536342,0,5,5
Q18536349,0,5,5
Q18545066,5,43,48
Q18556020,0,6,6
Q18558301,1,9,10
Q18578267,0,9,9
Q18581305,5,20,25
Q18602249,1,10,11
Q18640746,5,11,16
Q18645982,8,5,13
Q18668527,4,9,13
Q18674606,13,4,17
Q18677767,0,10,10
Q18677875,16,8,24
Q18677983,23,9,32
Q18678082,0,8,8
Q18678265,21,6,27
Q18740965,3,5,8
Q18754944,4,3,7
Q18814623,3,193,196
Q18844224,3,145,148
Q18887912,4,4,8
Q18910363,2,4,6
Q18914861,30,6,36
Q18939491,2,33,35
Q18952564,4,18,22
Q19012308,8,5,13
Q19012309,8,6,14
Q19036877,4,9,13
Q19047539,3,478,481
Q19077875,2,346,348
Q19085950,1,6,7
Q19085957,5,163,168
Q19098835,1,125,126
Q19133013,0,17,17
Q19180675,5,1221,1226
Q19190511,5,150,155
Q19204627,3,32,35
Q19211082,4,37,41
Q19219752,5,564,569
Q19230671,2,21,23
Q19230673,2,5,7
Q19230677,2,8,10
Q19230683,2,7,9
Q19230686,2,8,10
Q19230688,1,6,7
Q19230692,2,7,9
Q19230695,2,7,9
Q19230701,2,8,10
Q19230705,3,6,9
Q19311591,4,15,19
Q19350898,3,5,8
Q19360203,7,15,22
Q19367312,3,39,42
Q19405928,8,7,15
Q19478619,0,25,25
Q19538713,4,42,46
Q19545136,4,6,10
Q19558910,2,32,34
Q19570270,3,5,8
Q19573074,2,21,23
Q19595701,4,14,18
Q19631403,6,5,11
Q19715429,4,10,14
Q19723482,4,32,36
Q19819293,0,5,5
Q19822599,9,5,14
Q19833431,3,5,8
Q19841381,2,6,8
Q19844914,2,39,41
Q19858055,4,13,17
Q19858080,39,17,56
Q19858088,5,6,11
Q19858095,0,3,3
Q19858107,32,11,43
Q19859744,14,14,28
Q19861084,11,282,293
Q19864305,2,8,10
Q19869310,1,9,10
Q19878187,10,3,13
Q19906304,4,6,10
Q19946102,51,4,55
Q19948176,9,7,16
Q19953632,1,21,22
Q19969187,6,48,54
Q20002163,2,6,8
Q20002171,0,3,3
Q20006438,0,8,8
Q20007134,8,5,13
Q20053503,2,1,3
Q20054484,0,5,5
Q20058666,3,2,5
Q20076756,0,5,5
Q20078554,3,736,739
Q20085721,6,6,12
Q20089963,4,17,21
Q20096917,2,198,200
Q20162127,8,5,13
Q20181813,1,13,14
Q20198245,2,9,11
Q20203866,2,7,9
Q20220309,2,9,11
Q20267837,4,10,14
Q20442589,3,136,139
Q20443008,4,43,47
Q20581604,2,6,8
Q20631001,0,6,6
Q20639856,1,15,16
Q20643955,0,5,5
Q20645820,4,7,11
Q20649162,2,5,7
Q20650540,4,27,31
Q20652466,3,5,8
Q20656352,5,5,10
Q20675897,5,5,10
Q20686225,3,10,13
Q20687396,7,6,13
Q20714679,4,9,13
Q20731373,4,5,9
Q20739124,0,6,6
Q20743760,1,23,24
Q20744362,0,5,5
Q20820271,4,5,9
Q20828891,2,11,13
Q20853482,1,5,6
Q20856740,3,9,12
Q20857065,4,9,13
Q20866649,1,5,6
Q20888800,0,5,5
Q20888823,6,7,13
Q20892672,1,8,9
Q20923490,0,5,5
Q20925702,1,13,14
Q20947086,0,5,5
Q20949829,0,6,6
Q20961706,3,17,20
Q20966518,6,7,13
Q20966612,1,6,7
Q20968284,2,7,9
Q20972117,1,4,5
Q20979230,1,10,11
Q20986484,6,17,23
Q21002838,2,7,9
Q21004587,5,13,18
Q21010817,3,16,19
Q21010853,5,57,62
Q21012735,5,6,11
Q21032622,2,5,7
Q21065550,2,11,13
Q21163264,5,4,9
Q21175978,5,5,10
Q21188110,4,25,29
Q21192427,2,13,15
Q21197397,0,4,4
Q21198342,0,5,5
Q21198548,0,14,14
Q21272231,0,6,6
Q21273612,3,5,8
Q21292820,1,5,6
Q21401869,2,47,49
Q21468097,4,5,9
Q21484313,0,5,5
Q21503295,0,10,10
Q21507383,2,6,8
Q21509286,0,5,5
Q21515026,6,5,11
Q21518270,4,29,33
Q21550346,3,4,7
Q21588796,2,4,6
Q21590660,5,143,148
Q21595675,3,25,28
Q21665571,5,3,8
Q21680663,5,6,11
Q21693433,8,8,16
Q21711493,6,6,12
Q21713103,7,20,27
Q21866918,1,5,6
Q21866936,0,7,7
Q21866939,2,17,19
Q21877402,2,7,9
Q21946879,7,5,12
Q21980538,0,6,6
Q21995136,21,92,113
Q21995139,20,98,118
Q22006653,3,1743,1746
Q22026422,3,7,10
Q22058319,1,4,5
Q22092344,4,7,11
Q22101947,2,17,19
Q22111761,3,9,12
Q22117120,0,5,5
Q22120066,3,58,61
Q22120095,3,43,46
Q22212873,7,7,14
Q22235305,2,31,33
Q22235329,3,78,81
Q22248793,0,7,7
Q22253131,6,100,106
Q22253133,4,115,119
Q22335251,1,4,5
Q22336956,2,8,10
Q22343421,3,6,9
Q22344608,4,64,68
Q22662561,2,12,14
Q22704603,6,6,12
Q22752734,2,15,17
Q22752811,3,42,45
Q22752868,4,72,76
Q22811234,3,9,12
Q22813352,1,6,7
Q22908690,0,3,3
Q22917729,1,23,24
Q22943994,8,8,16
Q22981906,2,19,21
Q23002039,1,186,187
Q23002054,2,201,203
Q23034377,12,5,17
Q23058979,3,8,11
Q23072512,7,10,17
Q23366230,4,4,8
Q23537577,8,7,15
Q23688051,0,6,6
Q23702848,5,9,14
Q23705356,2,9,11
Q23719064,0,7,7
Q23756432,5,5,10
Q23760244,4,6,10
Q23773993,5,5,10
Q23776824,2,6,8
Q23788180,7,7,14
Q23894967,7,5,12
Q23898972,6,5,11
Q23927006,4,6,10
Q23939248,0,5,5
Q23958341,3,42,45
Q23999279,37,10,47
Q24017414,0,14,14
Q24038862,2,6,8
Q24051550,3,11,14
Q24051551,4,25,29
Q24051552,4,10,14
Q24067397,1,5,6
Q24076563,6,5,11
Q24204609,1,1,2
Q24204630,7,4,11
Q24204631,2,2,4
Q24238835,7,5,12
Q24279418,5,7,12
Q24301658,2,12,14
Q24328195,4,7,11
Q24398501,0,5,5
Q24692255,1,5,6
Q24699898,7,7,14
Q24852568,6,5,11
Q24904778,1,2,3
Q24985776,7,5,12
Q25094849,3,17,20
Q25110269,3,14,17
Q25245117,3,12,15
Q25246631,4,9,13
Q25338504,0,6,6
Q25338539,0,9,9
Q25380035,2,6,8
Q25403900,2,16,18
Q25405526,5,34,39
Q25449425,2,3,5
Q25533274,5,17,22
Q25540924,1,4,5
Q25554481,2,10,12
Q25695926,2,5,7
Q25713832,0,6,6
Q25831324,0,4,4
Q26196748,2,16,18
Q26225475,2,5,7
Q26256810,0,7,7
Q26292213,3,5,8
Q26292888,3,5,8
Q26451486,3,21,24
Q26705935,1,18,19
Q26789527,2,8,10
Q26830017,0,14,14
Q26836418,0,9,9
Q26879769,0,5,5
Q26882604,2,5,7
Q27020041,2,224,226
Q27032359,14,0,14
Q27044293,35,6,41
Q27431376,0,6,6
Q27496509,0,6,6
Q27554677,4,10,14
Q27567171,3,6,9
Q27567832,4,5,9
Q27575234,3,16,19
Q27676416,2,5,7
Q27680201,5,95,100
Q27787439,2,18,20
Q27834579,2,39,41
Q27847754,3,39,42
Q27851929,2,4,6
Q27862084,2,7,9
Q27915869,6,5,11
Q27916627,0,5,5
Q27968055,0,6,6
Q28007416,2,9,11
Q28026639,3,42,45
Q28044812,0,5,5
Q28107590,0,14,14
Q28110454,0,18,18
Q28112023,2,7,9
Q28145790,4,6,10
Q28146035,4,35,39
Q28319165,2,5,7
Q28382637,2,10,12
Q28444913,4,14,18
Q28445729,0,5,5
Q28474288,11,7,18
Q28663097,2,17,19
Q28666511,2,39,41
Q28783456,0,5,5
Q28790126,5,5,10
Q28802704,5,4,9
Q28802729,4,7,11
Q28803421,3,5,8
Q28803503,4,8,12
Q28803574,3,5,8
Q28812894,3,8,11
Q28812897,4,6,10
Q28813302,0,14,14
Q28813470,3,10,13
Q28813472,3,4,7
Q28814599,2,6,8
Q28820001,2,14,16
Q28828058,3,7,10
Q28828203,3,5,8
Q28828206,3,6,9
Q28841847,3,11,14
Q28848209,3,6,9
Q28854825,4,6,10
Q28854932,4,9,13
Q28854934,6,6,12
Q28859357,4,5,9
Q28859410,4,7,11
Q28859413,3,6,9
Q28859483,3,6,9
Q28859485,3,5,8
Q28859488,3,5,8
Q28859686,2,5,7
Q28859718,5,7,12
Q28860625,7,5,12
Q28861731,4,6,10
Q28861733,3,5,8
Q28861919,5,7,12
Q28861920,3,6,9
Q28861924,3,5,8
Q28861925,3,5,8
Q28866090,3,7,10
Q28866099,3,7,10
Q28869447,0,6,6
Q28870524,3,6,9
Q28870552,15,4,19
Q28871751,3,6,9
Q28871787,4,7,11
Q28871824,4,5,9
Q28871949,3,5,8
Q28872846,3,6,9
Q28872924,0,14,14
Q28884858,3,5,8
Q28912534,3,5,8
Q28919974,3,4,7
Q28919975,3,5,8
Q28919981,3,5,8
Q28934900,2,5,7
Q28935563,2,12,14
Q28940811,4,5,9
Q28950956,1,23,24
Q28953942,1,5,6
Q28968258,3,11,14
Q28968511,3,20,23
Q29017281,2,6,8
Q29017403,3,11,14
Q29028649,0,5,5
Q29168811,2,81,83
Q29231846,11,4,15
Q29438842,3,5,8
Q29577693,3,24,27
Q29787032,0,8,8
Q29887242,2,6,8
Q29937708,5,6,11
Q29982117,0,4,4
Q30059240,3,119,122
Q30126418,3,4,7
Q30132541,2,55,57
Q30268291,0,7,7
Q30327044,3,5,8
Q30634609,0,5,5
Q30672306,6,4,10
Q31888058,3,25,28
Q31930761,2,15,17
Q32360797,5,6,11
Q33232596,2,5,7
Q35541239,3,9,12
Q35630424,4,7,11
Q35677307,0,30,30
Q36264959,8,5,13
Q36460247,4,27,31
Q37467350,4,5,9
Q38033430,4,574,578
Q38072107,7,9,16
Q38239859,4,11,15
Q38451321,4,5,9
Q38659474,6,5,11
Q39312813,4,5,9
Q39359896,3,6,9
Q39384825,4,24,28
Q39477935,5,27,32
Q39845173,2,13,15
Q40683907,4,9,13
Q41795465,4,6,10
Q41795590,0,4,4
Q41981607,2,38,40
Q42043175,4,6,10
Q42245028,1,5,6
Q42293686,3,5,8
Q42303753,1,7,8
Q42307030,4,5,9
Q42309226,4,9,13
Q42722842,0,6,6
Q42728864,5,5,10
Q42744322,4,49,53
Q43080994,2,5,7
Q43113623,1,7,8
Q43213808,4,6,10
Q43373515,4,5,9
Q44508716,1,12,13
Q45400320,1,119,120
Q45769590,2,5,7
Q46002746,6,19,25
Q46451169,0,3,3
Q46452338,0,4,4
Q47004555,1,6,7
Q47009776,2,5,7
Q47018901,1,10,11
Q47154513,0,6,6
Q47185145,1,59,60
Q47185282,1,49,50
Q47407603,0,6,6
Q47461344,0,20,20
Q47494293,5,6,11
Q47495791,7,0,7
Q47541952,4,228,232
Q47544021,2,123,125
Q47544035,3,14,17
Q48699181,2,5,7
Q48757486,2,15,17
Q48781665,2,30,32
Q48789578,11,28,39
Q48961500,2,39,41
Q48965436,1,9,10
Q48968006,3,3,6
Q49093087,5,6,11
Q50074604,1,18,19
Q50133002,2,6,8
Q50333447,4,7,11
Q50423863,1,28,29
Q50621171,4,5,9
Q50649564,0,9,9
Q50829151,3,5,8
Q50837010,2,7,9
Q50841635,2,5,7
Q51576574,6,25,31
Q51929311,1,64,65
Q51955019,3,131,134
Q51963292,34,6,40
Q52110228,0,9,9
Q52144567,3,8,11
Q52151351,5,7,12
Q52162262,1,113,114
Q52207310,1,75,76
Q52207399,1,353,354
Q52382875,2,81,83
Q53424891,2,8,10
Q53648367,4,7,11
Q53729922,0,5,5
Q54371115,2,6,8
Q54820071,3,54,57
Q54824268,30,9,39
Q54911750,0,6,6
Q54935504,3,6,9
Q54958752,6,300,306
Q55139818,3,8,11
Q55316905,1,6,7
Q55339171,3,6,9
Q55473342,2,8,10
Q55524865,3,9,12
Q55664167,1,12,13
Q55848413,3,6,9
Q55934339,4,10,14
Q55960555,4,277,281
Q55965015,10,15,25
Q55983715,0,6,6
Q56053097,0,9,9
Q56055944,3,15,18
Q56063183,2,5,7
Q56064758,2,10,12
Q56070713,1,22,23
Q56085709,1,64,65
Q56085715,2,36,38
Q56116950,2,135,137
Q56255706,1,9,10
Q56274748,1,7,8
Q56284716,1,19,20
Q56297769,0,5,5
Q56441911,3,124,127
Q56557504,2,5,7
Q56611639,0,26,26
Q56760250,9,42,51
Q56816954,4,6,10
Q56826329,2,9,11
Q56884562,1,6,7
Q57587699,0,10,10
Q57655560,2,16,18
Q57695350,0,5,5
Q58402380,3,5,8
Q58488719,1,46,47
Q58635633,1,6,7
Q59152282,0,11,11
Q59199015,0,7,7
Q59258086,4,5,9
Q59490097,3,11,14
Q59772493,0,5,5
Q59825918,2,28,30
Q59974849,1,22,23
Q60439913,5,5,10
Q60458065,3,9,12
Q60535625,2,5,7
Q60607639,3,36,39
Q60617900,1,4,5
Q60754876,0,42,42
Q61037771,0,5,5
Q61283808,3,8,11
Q61669648,4,25,29
Q61745062,1,5,6
Q61788060,0,5,5
Q61862331,4,7,11
Q61942967,1,7,8
Q61946928,18,6,24
Q61947380,5,6,11
Q62067599,0,7,7
Q62073537,2,18,20
Q62078547,3,121,124
Q62079009,1,6,7
Q62573441,2,6,8
Q63072128,0,5,5
Q63072513,4,8,12
Q63241860,0,5,5
Q63284758,3,106,109
Q63405798,29,8,37
Q63440326,4,8,12
Q63791824,2,8,10
Q63860397,3,5,8
Q63952888,1,19,20
Q63985075,3,34,37
Q64152520,0,5,5
Q64166304,0,5,5
Q64485314,3,24,27
Q65077806,3,6,9
Q65200056,3,7,10
Q65359104,7,43,50
Q65551212,2,6,8
Q65557474,9,50,59
Q65589340,3,11,14
Q65921422,3,8,11
Q66386517,3,18,21
Q66458647,0,33,33
Q66715801,3,40,43
Q66763670,4,5,9
Q66763708,5,6,11
Q67030918,9,10,19
Q67175872,2,9,11
Q67194795,1,5,6
Q67311526,2,2842,2844
Q67376938,1,6,7
Q67379558,2,5,7
Q67652870,2,54,56
Q67904121,1,8,9
Q69423232,4,48,52
Q71076284,0,7,7
Q72936141,2,6,8
Q72941151,0,5,5
Q73306227,4,13,17
Q73357989,0,47,47
Q74267946,1,7,8
Q74681122,0,6,6
Q76514543,4,12,16
Q76609347,11,26,37
Q76612397,2,8,10
Q76846862,14,23,37
Q77468620,0,6,6
Q77849171,1,4,5
Q77855044,10,16,26
Q80708332,2,8,10
Q81565646,0,7,7
Q81941037,0,8,8
Q83250768,1,5,6
Q84263196,28,8,36
Q84314566,3,10,13
Q84798010,0,15,15
Q85133165,3,29,32
Q85165982,3,6,9
Q85166022,2,5,7
Q85380120,0,6,6
Q85631896,2,7,9
Q85635630,1,8,9
Q85743121,2,9,11
Q85754272,1,10,11
Q86241109,4,7,11
Q86255944,2,5,7
Q87075524,0,5,5
Q87602492,3,6,9
Q87645961,2,6,8
Q88537331,5,19,24
Q89929597,3,11,14
Q90591461,2,12,14
Q92429087,2,40,42
Q92604658,6,17,23
Q93345878,0,6,6
Q93438884,3,9,12
Q94496874,14,4,18
Q94579592,2,7,9
Q94993988,0,7,7
Q95415779,3,52,55
Q95678620,6,8,14
Q96034777,4,5,9
Q96233293,4,6,10
Q96279266,0,10,10
Q96280219,1,5,6
Q96336837,5,6,11
Q96377054,2,14,16
Q96474589,6,30,36
Q96474603,5,32,37
Q96474676,6,42,48
Q96474678,0,5,5
Q96474679,6,33,39
Q96474684,0,14,14
Q96474685,0,11,11
Q96474687,3,22,25
Q96474688,4,13,17
Q96474690,0,7,7
Q96474691,5,36,41
Q96474698,0,11,11
Q96474699,2,12,14
Q96474700,3,19,22
Q96474701,1,5,6
Q96474703,1,5,6
Q96582298,0,5,5
Q96586004,4,8,12
Q96586469,4,5,9
Q96586836,5,10,15
Q96587125,4,8,12
Q96888669,0,9,9
Q97008347,0,5,5
Q97016080,0,9,9
Q97591565,0,5,5
Q97597352,2,12,14
Q97597386,3,6,9
Q97672598,9,20,29
Q97829060,5,7,12
Q97830117,2,7,9
Q97879676,1,4,5
Q98526239,1,17,18
Q98526245,3,17,20
Q98897593,2,6,8
Q99034482,4,9,13
Q99413897,1,204,205
Q99546131,0,24,24
Q99546471,0,11,11
Q99547071,0,16,16
Q99600029,0,5,5
Q99982378,0,9,9
Q101089426,3,7,10
Q101094841,5,19,24
Q101242891,5,13,18
Q101314624,6,31,37
Q101483295,4,48,52
Q101716172,0,5,5
Q101860688,2,6,8
Q102068294,2,5,7
Q102430221,1,4,5
Q102706436,2,11,13
Q103229495,2,13,15
Q103892210,0,9,9
Q104086571,0,5,5
Q104097073,2,5,7
Q104117227,2,11,13
Q104160650,1,4,5
Q104218168,2,14,16
Q104218554,6,6,12
Q104247879,3,5,8
Q104247880,3,5,8
Q104247884,3,5,8
Q104247886,3,5,8
Q104247904,3,5,8
Q104536386,2,6,8
Q104640199,1,8,9
Q104649845,0,7,7
Q104765957,4,16,20
Q104782082,2,5,7
Q104783532,1,1,2
Q104788952,1,12,13
Q104903883,3,5,8
Q104911948,2,12,14
Q104911949,2,12,14
Q104911955,3,12,15
Q104998020,5,12,17
Q105077092,2,16,18
Q105107179,6,11,17
Q105339055,0,5,5
Q105406968,1,20,21
Q105543609,2,7,9
Q105727509,3,12,15
Q105756498,2,8,10
Q105757481,4,20,24
Q105758271,0,6,6
Q105762986,0,7,7
Q105763242,3,28,31
Q105770426,5,16,21
Q105958972,1,41,42
Q106090755,2,5,7
Q106105970,3,5,8
Q106111559,2,47,49
Q106150038,1,3,4
Q106150094,0,3,3
Q106298881,0,5,5
Q106323898,3,6,9
Q106337981,3,7,10
Q106517174,0,6,6
Q106517969,1,9,10
Q106576466,10,8,18
Q106615149,1,17,18
Q106696935,1,20,21
Q106715357,1,5,6
Q106727050,1,192,193
Q106787730,2,16,18
Q107008526,0,7,7
Q107074885,10,15,25
Q107183707,2,6,8
Q107387904,0,5,5
Q107402112,0,50,50
Q107467117,0,23,23
Q107540719,0,7,7
Q107547436,0,5,5
Q107547950,0,10,10
Q107549740,0,5,5
Q107581015,3,15,18
Q107581694,0,5,5
Q107607934,2,30,32
Q107655869,3,63,66
Q107736421,2,4,6
Q107975727,2,5,7
Q108040139,2,120,122
Q108047434,16,9,25
Q108084492,3,13,16
Q108223755,0,5,5
Q108287432,2,33,35
Q108300140,1,16,17
Q108329096,0,10,10
Q108403040,2,9,11
Q108465955,2,17,19
Q108495011,2,3,5
Q108677027,2,6,8
Q108696153,3,36,39
Q108747135,0,8,8
Q108810744,0,12,12
Q108810745,0,5,5
Q108838044,0,1,1
Q108838045,0,3,3
Q108872504,8,28,36
Q108928644,0,5,5
Q108937206,1,7,8
Q109259306,1,9,10
Q109496493,1,14,15
Q109551565,0,6,6
Q109554372,3,4,7
Q109647832,2,6,8
Q109701924,1,1,2
Q109733304,3,17,20
Q109733333,3,32,35
Q109875823,0,5,5
Q110071194,1,7,8
Q110266204,3,6,9
Q110266209,3,6,9
Q110295396,2,53,55
Q110314472,24,5,29
Q110315658,0,5,5
Q110390579,5,9,14
Q110401282,0,5,5
Q110471679,4,14,18
Q110530811,1,13,14
Q110562117,0,4,4
Q110583808,1,5,6
Q110613175,0,5,5
Q110613177,1,8,9
Q110613186,1,12,13
Q110900120,0,6,6
Q110999040,12,5,17
Q111012142,3,5,8
Q111241092,1,18,19
Q111278985,3,12,15
Q111431873,3,28,31
Q111600428,2,15,17
Q111967015,2,7,9
Q112127794,0,5,5
Q112166181,1,5,6
Q112193867,2,80,82
Q112206561,1,14,15
Q112241213,4,15,19
Q112273201,0,5,5
Q112741246,1,5,6
Q112828800,0,7,7
Q112869376,0,5,5
Q112869385,0,6,6
Q112869403,0,8,8
Q112869412,0,6,6
Q112869423,0,8,8
Q112869425,0,10,10
Q112869441,0,9,9
Q112869449,0,7,7
Q112869471,0,5,5
Q112869479,0,5,5
Q112872396,0,11,11
Q112965645,3,54,57
Q113031066,1,5,6
Q113079984,0,5,5
Q113080784,1,8,9
Q113145171,1,49,50
Q113182127,2,6,8
Q113209507,2,22,24
Q113260418,2,13,15
Q113369276,2,13,15
Q113436830,1,5,6
Q113489728,3,10,13
Q113510146,4,32,36
Q113532584,3,4,7
Q113559915,0,6,6
Q114048716,1,4,5
Q114490979,2,9,11
Q114693785,0,5,5
Q114716986,0,9,9
Q114717220,1,7,8
Q114717229,1,8,9
Q114717230,2,10,12
Q114717231,2,10,12
Q114717232,2,9,11
Q114717233,2,12,14
Q114717234,2,11,13
Q114717235,2,10,12
Q114717236,2,8,10
Q114836879,0,5,5
Q114839890,3,7,10
Q114853062,3,19,22
Q115088770,0,6,6
Q115156386,3,71,74
Q115160290,0,33,33
Q115160932,1,93,94
Q115427560,2,8,10
Q115484611,4,13,17
Q115682002,3,38,41
Q115690216,2,9,11
Q116033998,3,6,9
Q116452747,2,18,20
Q116505765,1,7,8
Q116600590,4,4,8
Q116780519,4,15,19
Q116796299,0,5,5
Q116813843,1,10,11
Q116813844,1,5,6
Q116813846,1,6,7
Q117078387,3,41,44
Q117286972,0,5,5
Q117287069,7,8,15
Q117351898,3,30,33
Q117405807,5,9,14
Q117467246,3,32,35
Q117746046,4,19,23
Q118448572,16,6,22
Q118809333,1,6,7
Q120475222,5,7,12
Q120638159,3,12,15
Q120679521,1,6,7
Q120799836,2,11,13
Q121359767,2,29,31
Q121364143,4,12,16
Q121401577,2,5,7
Q121698959,0,11,11
Q121834720,1,5,6
Q122158106,2,8,10
Q122167901,3,9,12
Q122342057,2,15,17
Q123129246,3,13,16
Q123560817,3,128,131
Q123625363,3,45,48
Q123882700,0,5,5
Q123938901,1,81,82
Q124350773,1,12,13
Q124355862,3,30,33
Q124358776,3,115,118
Q124458350,10,6,16
Q124737604,3,22,25
Q124737616,3,44,47
Q124737630,3,24,27
Q124737632,3,89,92
Q124737633,3,67,70
Q124737635,3,31,34
Q124737636,3,23,26
Q124737637,3,37,40
Q124737664,3,17,20
Q124821483,4,24,28
Q125023568,0,5,5
Q125121451,2,5,7
Q125359378,7,6,13
Q125499293,1,21,22
Q125506406,1,35,36
Q125749677,2,11,13
Q125749678,2,7,9
Q125749681,0,5,5
Q125935456,3,36,39
Q126171642,1,13,14
Q126178049,3,18,21
Q126374795,3,27,30
Q126418747,4,8,12
Q126722605,4,22,26
Q126740695,3,12,15
